6438
-4.900000 -4.958333
-4.866667 -4.916666
-4.850000 -4.883333
-4.816667 -4.841667
-4.783333 -4.791667
-4.775000 -4.750000
-4.716667 -4.708333
-4.641667 -4.666666
-4.608333 -4.575000
-4.600000 -4.491667
-4.591666 -4.441667
-4.575000 -4.391667
-4.550000 -4.383333
-4.533333 -4.358333
-4.533333 -4.308333
-4.475000 -4.241667
-4.333334 -4.175000
-4.241667 -4.091667
-4.225000 -4.016666
-4.208334 -3.991667
-4.191667 -3.966667
-4.183333 -3.950000
-4.166666 -3.941667
-4.108334 -3.916666
-4.066667 -3.900000
-4.041667 -3.900000
-4.008333 -3.875000
-3.975000 -3.841667
-3.925000 -3.800000
-3.891666 -3.741667
-3.866667 -3.708334
-3.833334 -3.691667
-3.800000 -3.658333
-3.775000 -3.616667
-3.758333 -3.591667
-3.750000 -3.566667
-3.733334 -3.525000
-3.641667 -3.491667
-3.533333 -3.450000
-3.475000 -3.408333
-3.433333 -3.391666
-3.416667 -3.375000
-3.400000 -3.350000
-3.358333 -3.291666
-3.325000 -3.241667
-3.308333 -3.208333
-3.241667 -3.158333
-3.183333 -3.133333
-3.175000 -3.125000
-3.158333 -3.108334
-3.125000 -3.091667
-3.091667 -3.075000
-3.041666 -3.066667
-3.000000 -3.050000
-2.975000 -3.016666
-2.933333 -2.983334
-2.883333 -2.883333
-2.833334 -2.791666
-2.808333 -2.783333
-2.775000 -2.766666
-2.725000 -2.725000
-2.675000 -2.675000
-2.625000 -2.641666
-2.591667 -2.616667
-2.583333 -2.583334
-2.550000 -2.558333
-2.508333 -2.541666
-2.500000 -2.500000
-2.475000 -2.450000
-2.433333 -2.425000
-2.416667 -2.400000
-2.408333 -2.358333
-2.400000 -2.333333
-2.400000 -2.308333
-2.366667 -2.275000
-2.300000 -2.250000
-2.266667 -2.216667
-2.258333 -2.191667
-2.233334 -2.150000
-2.183333 -2.116667
-2.150000 -2.100000
-2.141666 -2.083333
-2.108333 -2.075000
-2.075000 -2.066667
-2.050000 -2.058333
-2.033333 -2.041666
-2.025000 -2.000000
-2.008333 -1.966667
-1.991667 -1.958333
-1.975000 -1.950000
-1.958333 -1.941666
-1.950000 -1.891666
-1.941666 -1.808334
-1.933333 -1.758333
-1.916666 -1.750000
-1.875000 -1.741667
-1.841667 -1.708333
-1.825000 -1.641666
-1.800000 -1.583334
-1.700000 -1.566667
-1.608334 -1.558334
-1.591667 -1.533333
-1.583333 -1.491667
-1.566667 -1.408333
-1.550000 -1.333334
-1.508333 -1.275000
-1.433333 -1.200000
-1.400000 -1.158333
-1.358334 -1.125000
-1.275000 -1.100000
-1.233333 -1.091667
-1.225000 -1.075000
-1.208333 -1.033333
-1.200000 -0.991667
-1.175000 -0.950000
-1.150000 -0.900000
-1.150000 -0.883333
-1.141666 -0.858333
-1.108333 -0.833333
-1.083333 -0.833333
-1.050000 -0.825000
-1.008333 -0.808334
-0.975000 -0.758333
-0.950000 -0.691667
-0.900000 -0.658334
-0.816666 -0.633333
-0.758333 -0.608333
-0.708333 -0.591666
-0.666667 -0.575000
-0.616667 -0.541667
-0.575000 -0.508333
-0.550000 -0.500000
-0.533333 -0.466666
-0.533333 -0.425000
-0.516666 -0.391667
-0.475000 -0.358333
-0.450000 -0.333333
-0.408334 -0.300000
-0.325000 -0.266667
-0.266667 -0.250000
-0.241667 -0.208334
-0.216667 -0.166667
-0.200000 -0.141667
-0.175000 -0.108333
-0.141667 -0.100000
-0.125000 -0.075000
-0.100000 -0.041667
-0.058333 -0.025000
-0.025000 -0.008334
0.025000 0.000000
0.066667 0.000000
0.066667 0.008334
0.091667 0.033334
0.125000 0.050000
0.175000 0.058334
0.233333 0.116667
0.250000 0.175000
0.258333 0.191667
0.308333 0.200000
0.366667 0.241667
0.391667 0.383333
0.433334 0.550000
0.466667 0.625000
0.475000 0.641667
0.491667 0.658334
0.508333 0.675000
0.541667 0.683333
0.583333 0.700000
0.616667 0.741667
0.641667 0.766667
0.650000 0.783334
0.658334 0.858334
0.666667 0.925000
0.666667 0.941666
0.675000 0.950000
0.691666 0.966666
0.708333 0.991667
0.725000 1.000000
0.733333 1.033333
0.741667 1.066667
0.758333 1.075000
0.783334 1.125000
0.808334 1.166667
0.850000 1.200000
0.891667 1.241667
0.925000 1.250000
0.983333 1.266666
1.033333 1.283333
1.083334 1.291667
1.150000 1.316667
1.183333 1.333333
1.183333 1.341667
1.233333 1.375000
1.300000 1.425000
1.333334 1.466667
1.358334 1.483333
1.408333 1.500000
1.491667 1.533333
1.533333 1.550000
1.558333 1.558334
1.625000 1.600000
1.675000 1.633333
1.716667 1.658333
1.766666 1.683333
1.791667 1.700000
1.808334 1.733334
1.841667 1.758333
1.900000 1.791667
1.950000 1.825000
1.983334 1.833333
2.016666 1.883333
2.075000 1.941666
2.141667 1.966667
2.175000 2.033333
2.191667 2.091667
2.208334 2.100000
2.216667 2.100000
2.233334 2.116667
2.250000 2.141666
2.325000 2.158333
2.450000 2.183333
2.508333 2.208334
2.516667 2.225000
2.550000 2.241667
2.583333 2.250000
2.591667 2.308333
2.600000 2.391667
2.625000 2.450000
2.675000 2.491667
2.725000 2.516666
2.758333 2.541666
2.783333 2.558333
2.808333 2.608333
2.816667 2.675000
2.825000 2.708334
2.841667 2.733334
2.850000 2.758333
2.850000 2.783333
2.891667 2.841666
2.983333 2.891666
3.066667 2.916666
3.133333 2.941667
3.183333 3.050000
3.225000 3.150000
3.275000 3.191667
3.308333 3.241667
3.358333 3.250000
3.450000 3.250000
3.516666 3.258333
3.550000 3.275000
3.600000 3.283333
3.650000 3.308333
3.666667 3.341667
3.675000 3.358334
3.683333 3.366667
3.716667 3.375000
3.758333 3.400000
3.783333 3.425000
3.816667 3.458333
3.850000 3.533333
3.891667 3.583333
3.916667 3.608333
3.925000 3.633333
3.950000 3.658333
3.975000 3.741667
4.000000 3.808333
4.025000 3.833334
4.041666 3.891667
4.058333 3.966667
4.075000 4.016666
4.091666 4.033333
4.100000 4.050000
4.100000 4.108334
4.108333 4.150000
4.175000 4.150000
4.233333 4.166666
4.233333 4.200000
4.250000 4.225000
4.283333 4.258333
4.308333 4.333333
4.366667 4.383333
4.441667 4.391667
4.475000 4.416666
4.500000 4.441667
4.516667 4.458334
4.516667 4.466667
4.525000 4.500000
4.558333 4.541666
4.608333 4.558333
4.641667 4.575000
4.658334 4.625000
4.675000 4.683333
4.725000 4.708334
4.791667 4.716667
4.825000 4.775000
4.841666 4.866667
4.866667 4.900000
4.891667 4.908334
4.933333 4.925000
4.966667 4.933333
