1.800000	4.300000	-1
3.960000	1.750000	-1
3.300000	1.990000	-1
3.800000	2.060000	-1
4.950000	3.500000	-1
2.170000	0.090000	-1
3.590000	3.850000	-1
3.110000	3.270000	-1
3.390000	1.240000	-1
1.150000	1.110000	-1
3.650000	1.970000	-1
1.530000	0.950000	-1
1.500000	2.730000	-1
1.580000	2.380000	-1
0.870000	3.820000	-1
1.210000	4.350000	-1
1.910000	2.610000	-1
4.660000	1.950000	-1
1.190000	1.350000	-1
1.600000	1.210000	-1
3.470000	3.800000	-1
4.950000	1.880000	-1
1.100000	0.950000	-1
3.240000	4.380000	-1
3.410000	0.920000	-1
1.000000	1.310000	-1
2.480000	0.510000	-1
0.310000	1.320000	-1
2.770000	0.550000	-1
1.160000	3.120000	-1
3.650000	4.200000	-1
2.880000	3.020000	-1
2.390000	1.820000	-1
1.800000	0.070000	-1
3.310000	0.740000	-1
2.230000	0.970000	-1
1.120000	0.010000	-1
2.770000	1.210000	-1
1.990000	0.060000	-1
2.200000	3.890000	-1
2.960000	2.950000	-1
4.950000	2.680000	-1
0.580000	3.670000	-1
3.970000	2.940000	-1
3.820000	0.820000	-1
1.220000	2.420000	-1
4.700000	0.410000	-1
3.200000	2.550000	-1
2.700000	0.020000	-1
3.520000	4.330000	-1
2.140000	1.750000	-1
2.050000	0.520000	-1
1.770000	2.470000	-1
4.550000	0.330000	-1
1.240000	3.500000	-1
3.950000	4.150000	-1
4.890000	0.310000	-1
0.080000	3.690000	-1
0.440000	0.950000	-1
0.470000	2.370000	-1
2.250000	2.240000	-1
4.370000	3.350000	-1
1.520000	0.820000	-1
0.140000	2.100000	-1
0.290000	1.190000	-1
2.840000	0.830000	-1
4.940000	1.870000	-1
3.870000	0.800000	-1
4.380000	3.260000	-1
1.030000	2.590000	-1
1.620000	3.260000	-1
1.120000	4.390000	-1
4.900000	2.080000	-1
2.020000	1.120000	-1
4.900000	2.600000	-1
4.450000	3.500000	-1
1.920000	4.680000	-1
2.060000	2.020000	-1
3.490000	4.510000	-1
2.490000	0.190000	-1
3.430000	1.950000	-1
1.740000	0.920000	-1
3.050000	2.210000	-1
1.010000	1.270000	-1
1.520000	1.720000	-1
3.550000	4.740000	-1
3.010000	1.410000	-1
0.510000	1.970000	-1
3.940000	3.430000	-1
1.640000	3.750000	-1
3.190000	0.520000	-1
3.950000	0.100000	-1
2.460000	4.440000	-1
0.870000	1.250000	-1
2.340000	4.730000	-1
0.150000	2.270000	-1
0.220000	4.730000	-1
3.690000	0.190000	-1
1.270000	3.240000	-1
1.900000	0.930000	-1
3.180000	4.230000	-1
2.780000	4.930000	-1
4.220000	0.300000	-1
3.360000	2.510000	-1
0.640000	4.960000	-1
1.980000	4.780000	-1
2.930000	3.850000	-1
0.930000	3.250000	-1
4.880000	1.280000	-1
4.270000	0.040000	-1
0.570000	1.920000	-1
4.960000	3.100000	-1
3.730000	4.970000	-1
1.660000	3.090000	-1
0.510000	1.330000	-1
3.680000	0.840000	-1
4.310000	2.990000	-1
2.930000	0.860000	-1
3.990000	1.780000	-1
0.020000	2.450000	-1
1.780000	0.500000	-1
4.360000	0.990000	-1
1.670000	2.170000	-1
-1.550000	2.150000	-1
-4.840000	3.460000	-1
-1.440000	3.790000	-1
-0.360000	2.980000	-1
-0.850000	2.410000	-1
-1.950000	0.890000	-1
-3.770000	3.900000	-1
-2.350000	1.750000	-1
-3.960000	1.000000	-1
-3.190000	2.250000	-1
-0.800000	2.840000	-1
-0.800000	0.690000	-1
-2.650000	0.480000	-1
-1.190000	3.030000	-1
-1.500000	0.040000	-1
-4.630000	1.440000	-1
-0.490000	4.650000	-1
-2.620000	0.340000	-1
-1.010000	3.900000	-1
-4.480000	1.480000	-1
-1.950000	1.440000	-1
-3.190000	1.700000	-1
-2.600000	2.680000	-1
-1.880000	2.500000	-1
-1.610000	3.500000	-1
-0.800000	3.760000	-1
-2.380000	2.960000	-1
-3.840000	0.470000	-1
-1.970000	2.100000	-1
-4.400000	4.200000	-1
-4.360000	4.540000	-1
-2.630000	2.330000	-1
-3.800000	0.040000	-1
-4.500000	3.400000	-1
-3.830000	4.870000	-1
-0.940000	0.520000	-1
-1.610000	4.480000	-1
-2.440000	3.270000	-1
-0.500000	1.670000	-1
-4.420000	0.820000	-1
-4.450000	2.010000	-1
-1.050000	0.650000	-1
-0.090000	4.520000	-1
-4.050000	1.810000	-1
-2.160000	1.320000	-1
-0.220000	1.510000	-1
-3.280000	2.340000	-1
-4.380000	4.920000	-1
-4.450000	1.880000	-1
-2.440000	0.110000	-1
-4.490000	0.230000	-1
-3.690000	1.730000	-1
-0.990000	0.790000	-1
-1.370000	4.770000	-1
-4.200000	3.760000	-1
-4.340000	1.980000	-1
-2.820000	2.080000	-1
-1.570000	3.550000	-1
-4.690000	2.180000	-1
-3.070000	0.330000	-1
-4.590000	2.550000	-1
-1.410000	4.260000	-1
-2.530000	4.880000	-1
-1.890000	3.990000	-1
-2.210000	1.890000	-1
-0.120000	3.410000	-1
-3.100000	1.000000	-1
-3.010000	3.300000	-1
-3.090000	1.090000	-1
-1.280000	0.550000	-1
-1.270000	3.030000	-1
-0.720000	2.220000	-1
-2.320000	3.530000	-1
-1.310000	3.760000	-1
-1.880000	0.570000	-1
-1.900000	4.780000	-1
-2.880000	2.330000	-1
-1.090000	2.290000	-1
-4.380000	1.050000	-1
-4.210000	4.350000	-1
-3.390000	0.950000	-1
-0.860000	0.860000	-1
-1.470000	3.250000	-1
-3.440000	0.120000	-1
-0.710000	2.010000	-1
-1.290000	4.340000	-1
-2.250000	0.430000	-1
-4.560000	4.210000	-1
-4.840000	0.650000	-1
-0.500000	2.500000	-1
-3.200000	4.360000	-1
-4.690000	4.920000	-1
-2.450000	4.570000	-1
-0.840000	2.020000	-1
-3.200000	0.720000	-1
-0.240000	2.290000	-1
-1.540000	3.390000	-1
-0.580000	4.690000	-1
-4.270000	4.270000	-1
-1.160000	2.840000	-1
-1.140000	0.180000	-1
-4.330000	2.350000	-1
-1.830000	4.130000	-1
-1.720000	0.850000	-1
-1.710000	0.390000	-1
-2.580000	2.830000	-1
-2.570000	1.020000	-1
-1.360000	1.900000	-1
-1.080000	3.440000	-1
-3.950000	2.980000	-1
-2.770000	3.730000	-1
-1.460000	1.180000	-1
-1.130000	3.910000	-1
-4.360000	1.600000	-1
-4.570000	2.940000	-1
-2.300000	3.530000	-1
-2.030000	4.800000	-1
-4.090000	1.530000	-1
-2.490000	0.970000	-1
-2.920000	3.310000	-1
-0.260000	1.370000	-1
-4.210000	4.850000	-1
-2.170000	0.580000	-1
3.450000	-1.040000	-1
1.790000	-3.540000	-1
3.460000	-2.260000	-1
4.790000	-2.510000	-1
2.170000	-1.800000	-1
3.180000	-3.480000	-1
3.610000	-4.470000	-1
2.140000	-4.150000	-1
0.850000	-3.490000	-1
4.990000	-0.920000	-1
4.480000	-3.930000	-1
4.320000	-1.460000	-1
3.590000	-0.250000	-1
3.070000	-3.830000	-1
3.030000	-0.440000	-1
4.600000	-3.180000	-1
4.110000	-4.250000	-1
0.070000	-2.990000	-1
3.100000	-4.770000	-1
0.020000	-2.630000	-1
4.830000	-3.690000	-1
3.340000	-1.700000	-1
1.680000	-0.530000	-1
0.710000	-1.960000	-1
2.260000	-3.470000	-1
3.400000	-4.420000	-1
3.890000	-3.540000	-1
1.770000	-3.690000	-1
3.050000	-4.150000	-1
0.510000	-2.870000	-1
0.510000	-4.530000	-1
0.750000	-1.620000	-1
3.880000	-0.830000	-1
1.190000	-0.580000	-1
2.540000	-1.050000	-1
4.120000	-0.290000	-1
1.000000	-4.030000	-1
0.870000	-2.420000	-1
0.760000	-4.300000	-1
4.120000	-4.400000	-1
4.770000	-0.460000	-1
4.100000	-2.010000	-1
1.300000	-2.320000	-1
4.670000	-0.210000	-1
4.930000	-1.810000	-1
3.310000	-0.150000	-1
2.160000	-3.130000	-1
2.470000	-4.660000	-1
1.910000	-1.650000	-1
3.900000	-4.690000	-1
2.550000	-0.360000	-1
3.660000	-0.530000	-1
1.000000	-1.180000	-1
0.370000	-4.750000	-1
2.600000	-2.250000	-1
3.470000	-3.770000	-1
2.920000	-2.630000	-1
2.550000	-4.700000	-1
4.280000	-4.670000	-1
3.280000	-3.940000	-1
3.210000	-4.830000	-1
1.600000	-1.350000	-1
4.560000	-3.320000	-1
4.090000	-1.590000	-1
2.630000	-0.730000	-1
2.220000	-0.070000	-1
4.120000	-4.860000	-1
3.970000	-2.410000	-1
2.980000	-4.640000	-1
2.970000	-1.710000	-1
3.650000	-3.530000	-1
1.730000	-3.140000	-1
4.260000	-4.630000	-1
0.150000	-1.000000	-1
2.150000	-2.230000	-1
0.930000	-2.470000	-1
4.830000	-0.200000	-1
1.590000	-4.340000	-1
1.900000	-2.290000	-1
0.110000	-3.980000	-1
1.990000	-0.820000	-1
3.430000	-3.870000	-1
2.380000	-1.660000	-1
0.520000	-1.560000	-1
1.490000	-3.880000	-1
3.470000	-1.810000	-1
2.630000	-4.840000	-1
4.720000	-3.170000	-1
2.560000	-3.520000	-1
4.020000	-1.550000	-1
2.460000	-0.030000	-1
2.530000	-1.740000	-1
2.370000	-0.770000	-1
2.550000	-0.610000	-1
4.770000	-4.340000	-1
1.380000	-1.430000	-1
3.210000	-2.590000	-1
3.860000	-3.760000	-1
1.550000	-1.730000	-1
4.300000	-2.280000	-1
1.120000	-3.080000	-1
0.180000	-4.220000	-1
1.830000	-0.190000	-1
2.790000	-4.780000	-1
3.580000	-1.410000	-1
2.060000	-1.050000	-1
4.520000	-3.610000	-1
0.030000	-3.970000	-1
4.240000	-4.800000	-1
0.880000	-1.890000	-1
2.880000	-2.910000	-1
3.550000	-0.630000	-1
3.910000	-2.310000	-1
1.580000	-0.030000	-1
1.460000	-3.820000	-1
3.340000	-1.610000	-1
3.050000	-0.340000	-1
2.880000	-1.400000	-1
4.340000	-2.680000	-1
-4.350000	-4.040000	-1
-1.750000	-1.880000	-1
-2.760000	-0.300000	-1
-3.340000	-1.500000	-1
-1.520000	-3.310000	-1
-2.750000	-2.120000	-1
-1.600000	-2.520000	-1
-3.260000	-0.710000	-1
-1.980000	-1.230000	-1
-0.480000	-0.900000	-1
-1.250000	-2.290000	-1
-1.880000	-4.010000	-1
-2.700000	-0.890000	-1
-1.360000	-1.810000	-1
-4.600000	-1.050000	-1
-2.190000	-1.390000	-1
-2.290000	-2.420000	-1
-0.690000	-2.490000	-1
-4.540000	-0.100000	-1
-1.310000	-4.620000	-1
-4.330000	-3.460000	-1
-3.690000	-2.560000	-1
-2.410000	-4.120000	-1
-1.620000	-4.340000	-1
-3.020000	-4.710000	-1
-2.780000	-4.120000	-1
-1.830000	-4.870000	-1
-2.020000	-2.510000	-1
-1.260000	-0.890000	-1
-0.260000	-1.470000	-1
-2.900000	-0.730000	-1
-3.860000	-0.790000	-1
-1.890000	-0.590000	-1
-1.290000	-2.040000	-1
-0.040000	-3.780000	-1
-0.080000	-3.060000	-1
-4.310000	-4.980000	-1
-4.280000	-0.440000	-1
-3.340000	-3.310000	-1
-3.480000	-4.570000	-1
-4.770000	-3.300000	-1
-0.310000	-2.750000	-1
-0.210000	-2.530000	-1
-3.980000	-0.690000	-1
-2.970000	-1.280000	-1
-2.100000	-4.070000	-1
-1.350000	-1.030000	-1
-0.750000	-3.390000	-1
-1.970000	-2.900000	-1
-1.430000	-1.890000	-1
-2.760000	-1.830000	-1
-2.890000	-0.110000	-1
-2.180000	-2.690000	-1
-4.120000	-4.830000	-1
-1.900000	-0.460000	-1
-2.460000	-3.860000	-1
-1.150000	-1.040000	-1
-3.400000	-1.030000	-1
-2.310000	-4.640000	-1
-1.820000	-4.000000	-1
-1.500000	-2.270000	-1
-1.860000	-0.520000	-1
-4.390000	-4.840000	-1
-0.870000	-4.350000	-1
-1.600000	-0.290000	-1
-0.770000	-1.270000	-1
-3.070000	-4.340000	-1
-4.740000	-0.830000	-1
-0.880000	-3.070000	-1
-0.490000	-3.550000	-1
-2.170000	-2.690000	-1
-1.590000	-4.260000	-1
-0.540000	-2.140000	-1
-2.090000	-2.700000	-1
-3.530000	-4.050000	-1
-1.180000	-3.810000	-1
-3.520000	-0.810000	-1
-0.500000	-3.640000	-1
-0.440000	-1.860000	-1
-2.310000	-3.680000	-1
-4.630000	-2.910000	-1
-1.380000	-1.750000	-1
-1.060000	-3.590000	-1
-1.630000	-4.130000	-1
-3.430000	-0.800000	-1
-1.640000	-4.830000	-1
-2.240000	-0.460000	-1
-2.030000	-1.560000	-1
-1.590000	-3.220000	-1
-2.790000	-0.540000	-1
-1.210000	-3.990000	-1
-3.320000	-4.870000	-1
-1.190000	-0.850000	-1
-0.810000	-2.970000	-1
-0.650000	-3.280000	-1
-1.610000	-4.550000	-1
-0.720000	-4.380000	-1
-1.710000	-4.810000	-1
-3.640000	-2.890000	-1
-2.930000	-4.250000	-1
-2.420000	-0.050000	-1
-0.330000	-4.210000	-1
-4.500000	-0.290000	-1
-1.300000	-3.120000	-1
-0.510000	-4.780000	-1
-4.290000	-4.800000	-1
-3.090000	-2.210000	-1
-1.770000	-4.040000	-1
-2.580000	-2.910000	-1
0.000000	-1.780000	-1
-1.520000	-1.740000	-1
-1.070000	-2.560000	-1
-1.240000	-1.940000	-1
-4.460000	-3.140000	-1
-1.660000	-1.790000	-1
-4.190000	-2.600000	-1
-3.280000	-1.520000	-1
-2.140000	-3.450000	-1
