4 -4.980000 3.476099
4 0.585000 0.962946
3 -0.940000 0.965256
4 -4.980000 1.160879
2 0.820000 0.941352
1 -0.885000 1.033517
4 -4.980000 1.177072
2 0.500000 0.804819
1 -0.885000 0.714875
4 -4.980000 0.887607
4 0.585000 0.827197
3 -0.860000 0.781819
4 -4.980000 0.939577
1 -0.885000 0.691602
4 -4.980000 0.510001
2 0.820000 0.821696
4 -4.980000 0.575705
3 -0.940000 0.776436
4 0.275000 0.570822
4 -4.980000 0.796049
4 0.585000 0.632014
4 -4.980000 0.477341
3 -0.940000 0.655838
4 -4.980000 0.490602
1 -0.885000 0.700988
4 -4.980000 0.514993
2 0.820000 0.673431
4 -4.980000 0.500220
4 0.585000 0.539537
3 -0.325000 0.510474
4 -4.980000 0.466487
1 -0.885000 0.582676
4 -4.980000 0.448992
2 0.500000 0.612076
1 -0.315000 0.472980
4 -4.980000 0.441991
4 0.585000 0.553961
4 -4.980000 0.431923
3 -0.940000 0.624926
4 -4.980000 0.473343
2 0.820000 0.517981
4 -4.980000 0.409923
1 -0.885000 0.475935
4 -4.980000 0.383322
3 -0.860000 0.504145
2 0.040000 0.386003
1 -0.315000 0.338838
4 -4.980000 0.412173
4 0.585000 0.572665
4 -4.980000 0.443089
2 0.500000 0.481329
1 -0.615000 0.376907
4 -4.980000 0.415970
3 -0.940000 0.489315
4 -4.980000 0.391894
4 0.585000 0.491973
3 0.255000 0.420942
4 0.430000 0.323064
4 -4.980000 0.464378
2 0.820000 0.454045
4 -4.980000 0.369079
1 -0.885000 0.488722
4 -4.980000 0.391516
3 -0.860000 0.413648
2 0.500000 0.377091
4 -4.980000 0.398284
4 0.585000 0.522501
4 -4.980000 0.412725
1 -0.885000 0.466377
4 -4.980000 0.377137
3 -0.940000 0.417951
4 -4.980000 0.344987
4 0.585000 0.400426
3 -0.255000 0.347569
4 -0.925000 0.397920
2 0.820000 0.371453
4 -4.980000 0.363982
1 -0.615000 0.423475
2 -0.305000 0.376731
3 -0.565000 0.328987
4 0.275000 0.306710
4 -4.980000 0.413002
1 -0.885000 0.448272
4 -4.980000 0.365277
3 -0.940000 0.418599
4 -4.980000 0.345426
4 0.585000 0.430793
4 -4.980000 0.353647
2 0.500000 0.473150
1 -0.315000 0.373851
3 0.255000 0.363564
4 0.430000 0.364962
4 -4.980000 0.423546
3 -0.860000 0.401806
4 -0.730000 0.385554
3 -0.565000 0.312887
2 0.820000 0.322184
4 -4.980000 0.412303
1 -0.885000 0.429477
4 -4.980000 0.352764
4 0.585000 0.451983
4 -4.980000 0.367724
2 0.500000 0.418812
3 -0.860000 0.347706
4 -4.980000 0.357999
1 -0.885000 0.422850
4 -4.980000 0.348302
4 0.585000 0.431620
4 -4.980000 0.354201
3 -0.940000 0.429624
4 -0.925000 0.373222
3 -0.940000 0.314044
4 -4.980000 0.374867
2 0.820000 0.424184
1 0.820000 0.394566
2 0.820000 0.394566
1 0.820000 0.394566
2 0.820000 0.394566
1 0.820000 0.394566
2 0.820000 0.394566
1 0.820000 0.394566
2 0.820000 0.394566
1 0.820000 0.394566
2 0.820000 0.394566
1 0.820000 0.394566
2 0.820000 0.394566
1 0.820000 0.394566
2 0.820000 0.394566
1 0.820000 0.394566
2 0.820000 0.394566
1 0.820000 0.394566
2 0.820000 0.394566
1 0.820000 0.394566
2 0.820000 0.394566
1 0.820000 0.394566
2 0.820000 0.394566
1 0.820000 0.394566
2 0.820000 0.394566
1 0.820000 0.394566
2 0.820000 0.394566
1 0.820000 0.394566
2 0.820000 0.394566
1 0.820000 0.394566
2 0.820000 0.394566
1 0.820000 0.394566
2 0.820000 0.394566
1 0.820000 0.394566
2 0.820000 0.394566
1 0.820000 0.394566
2 0.820000 0.394566
1 0.820000 0.394566
2 0.820000 0.394566
1 0.820000 0.394566
2 0.820000 0.394566
1 0.820000 0.394566
2 0.820000 0.394566
1 0.820000 0.394566
2 0.820000 0.394566
1 0.820000 0.394566
2 0.820000 0.394566
1 0.820000 0.394566
2 0.820000 0.394566
1 0.820000 0.394566
2 0.820000 0.394566
1 0.820000 0.394566
2 0.820000 0.394566
1 0.820000 0.394566
2 0.820000 0.394566
1 0.820000 0.394566
2 0.820000 0.394566
1 0.820000 0.394566
2 0.820000 0.394566
1 0.820000 0.394566
2 0.820000 0.394566
1 0.820000 0.394566
2 0.820000 0.394566
1 0.820000 0.394566
2 0.820000 0.394566
1 0.820000 0.394566
2 0.820000 0.394566
1 0.820000 0.394566
2 0.820000 0.394566
1 0.820000 0.394566
2 0.820000 0.394566
1 0.820000 0.394566
2 0.820000 0.394566
1 0.820000 0.394566
2 0.820000 0.394566
1 0.820000 0.394566
2 0.820000 0.394566
1 0.820000 0.394566
2 0.820000 0.394566
1 0.820000 0.394566
2 0.820000 0.394566
1 0.820000 0.394566
2 0.820000 0.394566
1 0.820000 0.394566
2 0.820000 0.394566
1 0.820000 0.394566
2 0.820000 0.394566
1 0.820000 0.394566
2 0.820000 0.394566
1 0.820000 0.394566
2 0.820000 0.394566
1 0.820000 0.394566
2 0.820000 0.394566
1 0.820000 0.394566
2 0.820000 0.394566
1 0.820000 0.394566
2 0.820000 0.394566
1 0.820000 0.394566
2 0.820000 0.394566
1 0.820000 0.394566
2 0.820000 0.394566
1 0.820000 0.394566
2 0.820000 0.394566
1 0.820000 0.394566
2 0.820000 0.394566
1 0.820000 0.394566
2 0.820000 0.394566
1 0.820000 0.394566
2 0.820000 0.394566
1 0.820000 0.394566
2 0.820000 0.394566
1 0.820000 0.394566
2 0.820000 0.394566
1 0.820000 0.394566
2 0.820000 0.394566
1 0.820000 0.394566
2 0.820000 0.394566
1 0.820000 0.394566
2 0.820000 0.394566
1 0.820000 0.394566
2 0.820000 0.394566
1 0.820000 0.394566
2 0.820000 0.394566
1 0.820000 0.394566
2 0.820000 0.394566
1 0.820000 0.394566
2 0.820000 0.394566
1 0.820000 0.394566
2 0.820000 0.394566
1 0.820000 0.394566
2 0.820000 0.394566
1 0.820000 0.394566
2 0.820000 0.394566
1 0.820000 0.394566
2 0.820000 0.394566
1 0.820000 0.394566
2 0.820000 0.394566
1 0.820000 0.394566
2 0.820000 0.394566
1 0.820000 0.394566
2 0.820000 0.394566
1 0.820000 0.394566
2 0.820000 0.394566
1 0.820000 0.394566
2 0.820000 0.394566
1 0.820000 0.394566
2 0.820000 0.394566
1 0.820000 0.394566
2 0.820000 0.394566
1 0.820000 0.394566
2 0.820000 0.394566
1 0.820000 0.394566
2 0.820000 0.394566
1 0.820000 0.394566
2 0.820000 0.394566
1 0.820000 0.394566
2 0.820000 0.394566
1 0.820000 0.394566
2 0.820000 0.394566
1 0.820000 0.394566
2 0.820000 0.394566
1 0.820000 0.394566
2 0.820000 0.394566
1 0.820000 0.394566
2 0.820000 0.394566
1 0.820000 0.394566
2 0.820000 0.394566
1 0.820000 0.394566
2 0.820000 0.394566
1 0.820000 0.394566
2 0.820000 0.394566
1 0.820000 0.394566
2 0.820000 0.394566
1 0.820000 0.394566
2 0.820000 0.394566
1 0.820000 0.394566
2 0.820000 0.394566
1 0.820000 0.394566
2 0.820000 0.394566
1 0.820000 0.394566
2 0.820000 0.394566
1 0.820000 0.394566
2 0.820000 0.394566
1 0.820000 0.394566
2 0.820000 0.394566
1 0.820000 0.394566
2 0.820000 0.394566
1 0.820000 0.394566
2 0.820000 0.394566
1 0.820000 0.394566
2 0.820000 0.394566
1 0.820000 0.394566
2 0.820000 0.394566
1 0.820000 0.394566
2 0.820000 0.394566
1 0.820000 0.394566
2 0.820000 0.394566
1 0.820000 0.394566
2 0.820000 0.394566
1 0.820000 0.394566
2 0.820000 0.394566
1 0.820000 0.394566
2 0.820000 0.394566
1 0.820000 0.394566
2 0.820000 0.394566
1 0.820000 0.394566
2 0.820000 0.394566
1 0.820000 0.394566
2 0.820000 0.394566
1 0.820000 0.394566
2 0.820000 0.394566
1 0.820000 0.394566
2 0.820000 0.394566
1 0.820000 0.394566
2 0.820000 0.394566
1 0.820000 0.394566
2 0.820000 0.394566
1 0.820000 0.394566
2 0.820000 0.394566
1 0.820000 0.394566
2 0.820000 0.394566
1 0.820000 0.394566
2 0.820000 0.394566
1 0.820000 0.394566
2 0.820000 0.394566
1 0.820000 0.394566
2 0.820000 0.394566
1 0.820000 0.394566
2 0.820000 0.394566
1 0.820000 0.394566
2 0.820000 0.394566
1 0.820000 0.394566
2 0.820000 0.394566
1 0.820000 0.394566
2 0.820000 0.394566
1 0.820000 0.394566
2 0.820000 0.394566
1 0.820000 0.394566
2 0.820000 0.394566
1 0.820000 0.394566
2 0.820000 0.394566
1 0.820000 0.394566
2 0.820000 0.394566
1 0.820000 0.394566
2 0.820000 0.394566
1 0.820000 0.394566
2 0.820000 0.394566
1 0.820000 0.394566
2 0.820000 0.394566
1 0.820000 0.394566
2 0.820000 0.394566
1 0.820000 0.394566
2 0.820000 0.394566
1 0.820000 0.394566
2 0.820000 0.394566
1 0.820000 0.394566
2 0.820000 0.394566
1 0.820000 0.394566
2 0.820000 0.394566
1 0.820000 0.394566
2 0.820000 0.394566
1 0.820000 0.394566
2 0.820000 0.394566
1 0.820000 0.394566
2 0.820000 0.394566
1 0.820000 0.394566
2 0.820000 0.394566
1 0.820000 0.394566
2 0.820000 0.394566
1 0.820000 0.394566
2 0.820000 0.394566
1 0.820000 0.394566
2 0.820000 0.394566
1 0.820000 0.394566
2 0.820000 0.394566
1 0.820000 0.394566
2 0.820000 0.394566
1 0.820000 0.394566
2 0.820000 0.394566
1 0.820000 0.394566
2 0.820000 0.394566
1 0.820000 0.394566
2 0.820000 0.394566
1 0.820000 0.394566
2 0.820000 0.394566
1 0.820000 0.394566
2 0.820000 0.394566
1 0.820000 0.394566
2 0.820000 0.394566
1 0.820000 0.394566
2 0.820000 0.394566
1 0.820000 0.394566
2 0.820000 0.394566
1 0.820000 0.394566
2 0.820000 0.394566
1 0.820000 0.394566
2 0.820000 0.394566
1 0.820000 0.394566
2 0.820000 0.394566
1 0.820000 0.394566
2 0.820000 0.394566
1 0.820000 0.394566
2 0.820000 0.394566
1 0.820000 0.394566
2 0.820000 0.394566
1 0.820000 0.394566
2 0.820000 0.394566
1 0.820000 0.394566
2 0.820000 0.394566
1 0.820000 0.394566
2 0.820000 0.394566
1 0.820000 0.394566
2 0.820000 0.394566
1 0.820000 0.394566
2 0.820000 0.394566
1 0.820000 0.394566
2 0.820000 0.394566
1 0.820000 0.394566
2 0.820000 0.394566
1 0.820000 0.394566
2 0.820000 0.394566
1 0.820000 0.394566
2 0.820000 0.394566
1 0.820000 0.394566
2 0.820000 0.394566
1 0.820000 0.394566
2 0.820000 0.394566
1 0.820000 0.394566
2 0.820000 0.394566
1 0.820000 0.394566
2 0.820000 0.394566
1 0.820000 0.394566
2 0.820000 0.394566
1 0.820000 0.394566
2 0.820000 0.394566
1 0.820000 0.394566
2 0.820000 0.394566
1 0.820000 0.394566
2 0.820000 0.394566
1 0.820000 0.394566
2 0.820000 0.394566
1 0.820000 0.394566
2 0.820000 0.394566
1 0.820000 0.394566
2 0.820000 0.394566
1 0.820000 0.394566
2 0.820000 0.394566
1 0.820000 0.394566
2 0.820000 0.394566
1 0.820000 0.394566
2 0.820000 0.394566
1 0.820000 0.394566
2 0.820000 0.394566
1 0.820000 0.394566
2 0.820000 0.394566
1 0.820000 0.394566
2 0.820000 0.394566
1 0.820000 0.394566
2 0.820000 0.394566
1 0.820000 0.394566
2 0.820000 0.394566
1 0.820000 0.394566
2 0.820000 0.394566
1 0.820000 0.394566
2 0.820000 0.394566
1 0.820000 0.394566
2 0.820000 0.394566
1 0.820000 0.394566
2 0.820000 0.394566
1 0.820000 0.394566
2 0.820000 0.394566
1 0.820000 0.394566
2 0.820000 0.394566
1 0.820000 0.394566
2 0.820000 0.394566
1 0.820000 0.394566
2 0.820000 0.394566
1 0.820000 0.394566
2 0.820000 0.394566
1 0.820000 0.394566
2 0.820000 0.394566
1 0.820000 0.394566
2 0.820000 0.394566
1 0.820000 0.394566
2 0.820000 0.394566
1 0.820000 0.394566
0 0.000000 0.000000
