0.682292 3.395833 1
0.390625 1.741667 1
0.530208 1.216667 1
0.648958 4.193750 1
0.783333 3.778125 1
0.528125 2.556250 1
0.245833 1.148958 1
0.897917 4.587500 1
0.459375 1.651042 1
0.321875 3.580208 1
0.215625 3.288542 1
0.039583 1.853125 1
0.545833 0.968750 1
0.479167 2.895833 1
0.084375 3.300000 1
0.209375 1.718750 1
0.042708 3.563542 1
0.826042 4.712500 1
0.223958 1.132292 1
0.735417 4.584375 1
0.022917 1.816667 1
0.756250 2.071875 1
0.217708 2.284375 1
0.721875 1.583333 1
0.740625 2.060417 1
0.395833 4.802083 1
0.839583 3.761458 1
0.327083 3.519792 1
0.471875 3.071875 1
0.198958 1.239583 1
0.211458 1.039583 1
0.462500 4.734375 1
0.427083 3.560417 1
0.405208 2.097917 1
0.579167 2.757292 1
0.379167 1.295833 1
0.493750 2.313542 1
0.153125 4.479167 1
0.355208 2.245833 1
0.473958 3.936458 1
0.086458 4.665625 1
0.660417 3.662500 1
0.091667 4.060417 1
0.937500 1.833333 1
0.422917 4.464583 1
0.096875 1.922917 1
0.629167 2.186458 1
0.521875 2.419792 1
0.161458 4.665625 1
0.345833 3.125000 1
0.034375 1.603125 1
0.654167 2.331250 1
0.680208 1.000000 1
0.456250 3.002083 1
0.007292 1.208333 1
0.009375 4.138542 1
0.831250 1.411458 1
0.472917 3.147917 1
0.823958 3.477083 1
0.587500 4.708333 1
0.018750 3.260417 1
0.628125 2.140625 1
0.903125 3.258333 1
0.423958 4.121875 1
0.202083 1.946875 1
0.053125 2.471875 1
0.164583 1.522917 1
0.387500 2.563542 1
0.626042 0.933333 1
0.925000 1.494792 1
0.533333 3.904167 1
0.427083 4.619792 1
0.432292 3.546875 1
0.043750 2.438542 1
0.285417 1.441667 1
0.426042 4.585417 1
0.911458 4.400000 1
0.415625 1.102083 1
0.226042 2.478125 1
0.033333 3.014583 1
0.466667 2.715625 1
0.741667 3.165625 1
0.432292 1.602083 1
0.977083 3.434375 1
0.763542 4.276042 1
0.655208 2.917708 1
0.331250 4.708333 1
0.919792 4.697917 1
0.140625 3.164583 1
0.854167 0.970833 1
0.679167 0.781250 1
0.973958 4.331250 1
0.254167 2.336458 1
0.200000 2.848958 1
0.050000 1.805208 1
0.197917 1.166667 1
0.470833 1.893750 1
0.275000 3.251042 1
0.961458 0.970833 1
0.361458 1.742708 1
0.150000 2.515625 1
0.843750 2.454167 1
0.727083 1.550000 1
0.436458 1.105208 1
0.871875 3.881250 1
0.359375 4.987500 1
0.779167 2.718750 1
0.432292 1.895833 1
0.580208 4.493750 1
0.064583 2.561458 1
0.058333 2.885417 1
0.616667 2.333333 1
0.921875 2.579167 1
0.341667 3.435417 1
0.365625 4.496875 1
0.103125 2.437500 1
0.201042 3.386458 1
0.607292 2.992708 1
0.462500 2.152083 1
0.140625 2.960417 1
0.496875 1.573958 1
0.279167 2.540625 1
0.017708 1.406250 1
0.565625 2.881250 1
0.692708 0.995833 1
0.898958 1.316667 1
0.970833 0.294792 1
0.430208 2.057292 1
0.904167 0.894792 1
0.459375 2.300000 1
0.461458 1.210417 1
0.012500 3.838542 1
0.502083 1.717708 1
0.092708 4.853125 1
0.332292 1.885417 1
0.107292 3.701042 1
0.671875 1.484375 1
0.115625 2.504167 1
0.940625 2.839583 1
0.147917 4.585417 1
0.705208 3.909375 1
0.231250 1.585417 1
0.442708 3.245833 1
0.053125 1.720833 1
0.688542 4.752083 1
0.637500 1.493750 1
0.784375 4.457292 1
0.987500 1.600000 1
0.531250 3.738542 1
0.377083 4.860417 1
0.860417 1.932292 1
0.945833 3.069792 1
0.345833 4.048958 1
0.403125 3.109375 1
0.103125 4.642708 1
0.267708 1.220833 1
0.633333 2.331250 1
0.005208 2.371875 1
0.100000 3.507292 1
0.323958 2.184375 1
0.709375 2.114583 1
0.550000 3.589583 1
0.725000 0.873958 1
0.773958 1.914583 1
0.520833 3.135417 1
0.869792 3.275000 1
0.118750 3.008333 1
0.490625 1.889583 1
0.497917 1.655208 1
0.583333 2.911458 1
0.355208 4.962500 1
0.953125 0.516667 1
0.930208 3.366667 1
0.414583 3.644792 1
0.135417 4.153125 1
0.339583 2.326042 1
0.350000 3.281250 1
0.929167 4.809375 1
0.253125 0.978125 1
0.719792 2.898958 1
0.855208 0.793750 1
0.076042 3.576042 1
0.711458 0.851042 1
0.107292 2.197917 1
0.982292 1.162500 1
0.741667 0.980208 1
0.114583 4.923958 1
0.897917 1.700000 1
0.619792 2.415625 1
0.078125 4.440625 1
0.856250 4.390625 1
0.637500 2.758333 1
0.392708 3.863542 1
0.468750 3.865625 1
0.967708 0.867708 1
0.553125 1.166667 1
0.008333 3.012500 1
0.091667 1.002083 1
0.571875 3.313542 1
0.711458 2.658333 1
0.901042 0.702083 1
0.412500 2.979167 1
0.633333 1.320833 1
0.645833 3.881250 1
0.900000 1.522917 1
0.619792 1.480208 1
0.541667 1.998958 1
0.243750 1.797917 1
0.150000 4.737500 1
0.779167 4.045833 1
0.446875 4.230208 1
0.495833 1.672917 1
0.132292 1.713542 1
0.987500 3.778125 1
0.729167 1.434375 1
0.742708 2.940625 1
0.818750 0.602083 1
-0.495833 2.655208 1
-0.664583 1.838542 1
-0.168750 4.860417 1
-0.788542 3.214583 1
-0.613542 3.910417 1
-0.367708 1.852083 1
-0.818750 3.616667 1
-0.891667 4.828125 1
-0.701042 1.480208 1
-0.870833 1.065625 1
-0.471875 2.890625 1
-0.421875 1.428125 1
-0.281250 4.757292 1
-4.034375 0.602083 1
-0.414583 1.716667 1
-0.690625 4.720833 1
-0.787500 3.421875 1
-0.554167 2.886458 1
-0.785417 0.839583 1
-0.633333 4.141667 1
-0.344792 3.981250 1
-0.700000 4.579167 1
-0.346875 2.754167 1
-0.979167 2.378125 1
-0.042708 1.707292 1
-0.430208 1.190625 1
-0.597917 3.105208 1
-0.755208 2.554167 1
-0.775000 4.932292 1
-0.365625 4.071875 1
-0.137500 4.193750 1
-0.289583 4.980208 1
-0.162500 4.958333 1
-0.402083 2.566667 1
-0.487500 2.994792 1
-0.907292 1.577083 1
-0.315625 2.718750 1
-0.018750 2.850000 1
-0.675000 4.362500 1
-0.091667 1.231250 1
-0.632292 2.418750 1
-0.398958 2.016667 1
-0.055208 3.067708 1
-0.980208 0.441667 1
-0.691667 2.807292 1
-0.875000 0.868750 1
-0.954167 0.806250 1
-0.913542 1.758333 1
-0.892708 1.530208 1
-0.143750 4.630208 1
-0.958333 3.628125 1
-0.903125 0.521875 1
-0.767708 0.672917 1
-0.303125 1.345833 1
-0.944792 3.793750 1
-0.863542 4.115625 1
-0.097917 1.728125 1
-0.216667 4.482292 1
-0.563542 4.641667 1
-0.797917 3.588542 1
-0.762500 1.101042 1
-0.182292 1.218750 1
-0.498958 1.356250 1
-0.951042 4.228125 1
-0.773958 1.005208 1
-0.335417 3.793750 1
-0.781250 3.118750 1
-0.322917 3.022917 1
-0.446875 1.338542 1
-0.113542 1.146875 1
-0.987500 3.919792 1
-0.686458 0.834375 1
-0.563542 3.402083 1
-0.627083 2.492708 1
-0.441667 4.519792 1
-0.833333 0.921875 1
-0.835417 1.729167 1
-0.953125 0.764583 1
-0.183333 1.971875 1
-0.920833 4.269792 1
-0.782292 3.279167 1
-0.103125 3.003125 1
-0.706250 1.634375 1
-0.551042 4.928125 1
-0.798958 3.482292 1
-0.273958 2.409375 1
-0.779167 1.365625 1
-0.067708 4.511458 1
-0.490625 2.255208 1
-0.838542 3.678125 1
-0.716667 3.755208 1
-0.559375 1.803125 1
-0.617708 1.315625 1
-0.692708 3.362500 1
-0.246875 3.390625 1
-0.444792 1.878125 1
-0.072917 2.041667 1
-0.810417 2.605208 1
-0.690625 4.602083 1
-0.061458 3.041667 1
-0.410417 3.137500 1
-0.418750 3.961458 1
-0.693750 4.956250 1
-0.309375 1.251042 1
-0.995833 1.273958 1
-0.387500 4.889583 1
-0.930208 2.306250 1
-0.973958 3.765625 1
-0.663542 4.767708 1
-0.135417 4.379167 1
-0.942708 2.615625 1
-0.271875 2.222917 1
-0.575000 2.683333 1
-0.455208 4.822917 1
-0.902083 0.487500 1
-0.675000 1.683333 1
-0.285417 2.131250 1
-0.385417 4.306250 1
-0.084375 2.536458 1
-0.765625 4.191667 1
-0.676042 3.902083 1
-0.702083 0.795833 1
-0.610417 1.495833 1
-0.160417 3.820833 1
-0.393750 4.201042 1
-0.051042 2.218750 1
-0.880208 4.848958 1
-0.567708 1.812500 1
-0.097917 4.044792 1
-0.104167 1.556250 1
-0.180208 3.709375 1
-0.777083 3.900000 1
-0.659375 1.657292 1
-0.141667 1.389583 1
-0.792708 0.643750 1
-0.611458 3.359375 1
-0.603125 3.037500 1
-0.973958 0.237500 1
-0.178125 3.181250 1
-0.709375 2.851042 1
-0.500000 4.010417 1
-0.508333 1.764583 1
-0.638542 2.550000 1
-0.495833 3.303125 1
-0.045833 4.609375 1
-0.779167 0.852083 1
-0.350000 3.256250 1
-0.565625 1.956250 1
-0.419792 4.992708 1
-0.921875 2.585417 1
-0.256250 3.203125 1
-0.278125 4.992708 1
-0.793750 3.421875 1
-0.246875 4.131250 1
-0.804167 3.392708 1
-0.563542 4.710417 1
-0.340625 4.226042 1
-0.307292 3.364583 1
-0.606250 2.870833 1
-0.662500 2.730208 1
-0.535417 3.805208 1
-0.722917 1.141667 1
-0.657292 2.584375 1
-0.398958 3.287500 1
-0.659375 4.992708 1
-0.040625 4.167708 1
-0.623958 3.132292 1
-0.811458 3.384375 1
-0.434375 3.372917 1
-0.708333 0.972917 1
-0.829167 2.995833 1
-0.586458 3.845833 1
-0.654167 3.286458 1
-0.972917 4.944792 1
-0.426042 4.813542 1
-0.280208 2.518750 1
-0.526042 1.763542 1
-0.344792 2.627083 1
-0.688542 4.754167 1
-0.762500 3.789583 1
-0.673958 4.162500 1
-0.295833 2.610417 1
-0.697917 2.479167 1
-0.896875 1.537500 1
-0.102083 2.607292 1
-0.109375 3.148958 1
-0.038542 4.568750 1
-0.369792 2.972917 1
-0.687500 2.028125 1
-0.176042 4.995833 1
-0.546875 1.300000 1
-0.712500 3.512500 1
-0.115625 4.527083 1
-0.801042 4.517708 1
-0.188542 3.152083 1
-0.847917 4.404167 1
-0.784375 2.540625 1
-0.685417 3.585417 1
-0.236458 3.741667 1
-0.563542 4.718750 1
-0.102083 2.907292 1
-0.927083 3.882292 1
-0.976042 0.634375 1
-0.786458 2.872917 1
