2.823958 3.518750 -1
2.513542 4.972917 -1
3.450000 1.317708 -1
1.265625 3.988542 -1
4.310417 2.153125 -1
1.213542 4.604167 -1
2.633333 4.220833 -1
2.185417 4.380208 -1
4.714583 3.829167 -1
1.607292 1.302083 -1
2.711458 2.115625 -1
3.984375 2.753125 -1
2.177083 4.666667 -1
4.015625 2.867708 -1
3.185417 4.406250 -1
2.476042 0.698958 -1
4.380208 3.792708 -1
2.016667 3.512500 -1
3.533333 1.179167 -1
3.277083 4.746875 -1
3.967708 2.968750 -1
3.158333 1.550000 -1
4.664583 2.633333 -1
0.718750 0.243750 -1
4.748958 4.703125 -1
2.996875 4.793750 -1
4.370833 2.012500 -1
4.285417 3.005208 -1
1.122917 1.532292 -1
4.664583 1.006250 -1
0.045833 0.313542 -1
3.067708 3.579167 -1
1.492708 1.344792 -1
1.192708 2.277083 -1
2.989583 3.028125 -1
2.444792 2.778125 -1
1.648958 3.163542 -1
3.021875 1.397917 -1
2.866667 3.885417 -1
4.058333 2.237500 -1
2.661458 3.050000 -1
4.583333 0.123958 -1
2.657292 2.495833 -1
0.438542 0.725000 -1
3.941667 1.931250 -1
4.937500 0.134375 -1
2.075000 2.927083 -1
3.162500 2.321875 -1
1.942708 0.607292 -1
2.966667 3.591667 -1
3.770833 0.988542 -1
2.857292 4.505208 -1
4.873958 4.782292 -1
4.609375 3.638542 -1
4.369792 2.270833 -1
1.688542 2.695833 -1
1.788542 4.138542 -1
2.820833 4.446875 -1
1.634375 1.126042 -1
3.038542 0.576042 -1
3.057292 0.842708 -1
3.578125 0.133333 -1
1.637500 1.740625 -1
2.143750 0.763542 -1
1.358333 4.884375 -1
3.522917 2.783333 -1
1.106250 3.078125 -1
4.426042 1.114583 -1
0.162500 0.351042 -1
1.958333 3.740625 -1
3.351042 3.595833 -1
3.347917 1.539583 -1
2.694792 2.948958 -1
3.284375 4.838542 -1
1.579167 4.642708 -1
2.589583 2.126042 -1
3.478125 3.979167 -1
2.776042 2.452083 -1
4.923958 3.255208 -1
3.214583 0.008333 -1
4.422917 1.290625 -1
4.594792 1.715625 -1
2.405208 4.757292 -1
2.066667 2.230208 -1
1.364583 3.284375 -1
4.823958 3.736458 -1
3.277083 2.518750 -1
4.552083 4.428125 -1
4.070833 0.680208 -1
1.125000 0.416667 -1
4.659375 3.901042 -1
2.459375 4.445833 -1
3.107292 2.054167 -1
1.162500 0.512500 -1
1.811458 1.095833 -1
2.743750 3.176042 -1
4.381250 1.436458 -1
3.039583 1.900000 -1
2.458333 0.459375 -1
1.328125 0.548958 -1
4.458333 3.265625 -1
1.230208 3.450000 -1
1.548958 3.756250 -1
1.207292 0.240625 -1
4.101042 3.667708 -1
2.554167 0.075000 -1
3.455208 0.401042 -1
2.679167 4.065625 -1
1.443750 4.927083 -1
3.368750 2.200000 -1
4.866667 4.276042 -1
4.100000 0.191667 -1
4.735417 0.428125 -1
3.694792 4.837500 -1
0.510417 0.243750 -1
3.594792 0.728125 -1
3.835417 2.363542 -1
1.336458 1.389583 -1
2.439583 2.059375 -1
2.827083 1.770833 -1
1.313542 1.195833 -1
3.971875 4.046875 -1
4.238542 3.073958 -1
1.367708 4.980208 -1
0.134375 0.062500 -1
4.817708 0.644792 -1
3.172917 1.279167 -1
4.239583 3.568750 -1
3.948958 0.942708 -1
0.933333 0.285417 -1
0.001042 0.538542 -1
2.426042 0.694792 -1
2.310417 3.739583 -1
1.890625 4.148958 -1
2.787500 0.230208 -1
2.220833 2.026042 -1
1.170833 1.455208 -1
4.872917 1.306250 -1
4.384375 2.558333 -1
4.817708 2.558333 -1
1.704167 1.925000 -1
3.993750 0.653125 -1
2.867708 2.793750 -1
3.806250 3.066667 -1
1.900000 4.017708 -1
4.106250 4.767708 -1
4.557292 1.532292 -1
3.139583 0.220833 -1
3.883333 3.793750 -1
3.317708 3.970833 -1
3.686458 4.488542 -1
3.661458 4.811458 -1
3.985417 3.480208 -1
0.236458 0.689583 -1
1.343750 1.139583 -1
2.758333 3.016667 -1
4.206250 4.659375 -1
2.034375 1.180208 -1
4.427083 1.591667 -1
1.326042 1.585417 -1
2.978125 0.209375 -1
2.047917 4.066667 -1
3.651042 2.475000 -1
3.660417 0.390625 -1
3.035417 4.065625 -1
3.071875 3.113542 -1
0.262500 0.144792 -1
2.772917 2.297917 -1
4.191667 0.067708 -1
1.756250 4.771875 -1
2.825000 0.950000 -1
1.357292 3.669792 -1
4.026042 4.604167 -1
2.832292 1.073958 -1
1.537500 1.483333 -1
3.548958 4.897917 -1
3.796875 1.569792 -1
4.377083 2.457292 -1
4.827083 0.279167 -1
4.389583 0.182292 -1
2.526042 2.461458 -1
3.295833 2.788542 -1
4.004167 4.710417 -1
4.437500 4.695833 -1
3.365625 4.686458 -1
1.133333 1.197917 -1
3.628125 2.670833 -1
2.681250 2.177083 -1
2.568750 4.345833 -1
3.746875 4.812500 -1
4.669792 3.573958 -1
1.622917 0.484375 -1
4.388542 4.919792 -1
3.273958 4.862500 -1
1.722917 1.227083 -1
4.529167 0.727083 -1
3.362500 3.788542 -1
2.018750 4.495833 -1
2.853125 0.646875 -1
0.033333 0.534375 -1
0.690625 0.468750 -1
2.746875 2.305208 -1
3.147917 2.417708 -1
3.745833 1.107292 -1
1.478125 0.369792 -1
1.591667 3.733333 -1
3.156250 2.732292 -1
1.463542 4.879167 -1
1.827083 3.859375 -1
3.472917 0.631250 -1
3.559375 1.762500 -1
3.417708 4.982292 -1
4.285417 1.270833 -1
4.671875 4.186458 -1
1.491667 1.537500 -1
4.837500 3.105208 -1
2.644792 4.182292 -1
1.341667 2.103125 -1
2.915625 4.497917 -1
2.703125 2.245833 -1
2.243750 4.530208 -1
1.105208 0.716667 -1
4.455208 3.763542 -1
3.107292 1.607292 -1
1.660417 4.706250 -1
3.657292 2.183333 -1
2.126042 0.148958 -1
3.720833 1.963542 -1
1.120833 4.232292 -1
1.145833 2.462500 -1
4.202083 1.929167 -1
4.827083 1.905208 -1
4.175000 2.070833 -1
4.302083 3.147917 -1
4.763542 1.431250 -1
2.476042 2.664583 -1
3.034375 4.137500 -1
2.371875 1.691667 -1
4.187500 2.364583 -1
4.708333 0.775000 -1
2.195833 0.829167 -1
1.159375 2.076042 -1
3.137500 0.986458 -1
1.848958 0.180208 -1
3.058333 1.151042 -1
1.194792 3.712500 -1
3.482292 1.875000 -1
2.580208 1.806250 -1
2.743750 2.343750 -1
3.237500 0.219792 -1
4.357292 0.247917 -1
2.612500 3.406250 -1
2.186458 2.675000 -1
2.102083 0.060417 -1
3.884375 3.261458 -1
2.137500 4.888542 -1
2.115625 3.986458 -1
0.068750 0.173958 -1
3.004167 4.130208 -1
1.753125 4.354167 -1
3.871875 4.333333 -1
1.160417 1.615625 -1
4.544792 2.264583 -1
1.836458 4.554167 -1
1.403125 4.060417 -1
2.668750 0.101042 -1
3.507292 0.526042 -1
4.605208 2.725000 -1
4.596875 1.720833 -1
4.578125 2.533333 -1
4.761458 0.448958 -1
1.663542 1.515625 -1
2.669792 0.536458 -1
3.715625 3.830208 -1
3.961458 4.721875 -1
0.681250 0.365625 -1
1.650000 3.350000 -1
3.333333 4.989583 -1
4.365625 4.708333 -1
0.515625 0.189583 -1
3.185417 1.103125 -1
2.764583 2.790625 -1
3.828125 0.228125 -1
2.379167 1.272917 -1
1.722917 0.159375 -1
1.522917 4.392708 -1
0.695833 0.239583 -1
1.090625 3.581250 -1
1.366667 0.052083 -1
3.304167 2.048958 -1
3.284375 4.954167 -1
3.265625 4.485417 -1
4.943750 2.631250 -1
4.193750 0.459375 -1
0.687500 0.245833 -1
4.430208 1.318750 -1
1.547917 3.282292 -1
2.398958 0.042708 -1
1.381250 3.764583 -1
2.346875 1.420833 -1
0.391667 0.651042 -1
3.469792 1.542708 -1
3.471875 4.602083 -1
1.028125 1.282292 -1
2.234375 3.088542 -1
4.608333 0.788542 -1
3.334375 4.038542 -1
2.108333 4.238542 -1
1.565625 0.811458 -1
4.552083 1.768750 -1
0.533333 0.679167 -1
1.272917 2.880208 -1
4.966667 1.664583 -1
1.397917 3.436458 -1
1.073958 2.736458 -1
3.039583 4.969792 -1
4.018750 3.140625 -1
3.929167 4.260417 -1
1.365625 3.564583 -1
1.128125 1.993750 -1
3.762500 3.925000 -1
4.481250 4.295833 -1
2.470833 0.754167 -1
3.741667 4.226042 -1
2.045833 4.647917 -1
4.195833 1.064583 -1
2.788542 0.121875 -1
2.248958 3.827083 -1
3.489583 1.481250 -1
2.391667 3.917708 -1
1.101042 1.387500 -1
4.934375 2.540625 -1
1.191667 2.282292 -1
4.703125 3.663542 -1
3.036458 4.746875 -1
3.968750 1.188542 -1
4.056250 2.710417 -1
0.466667 0.460417 -1
2.154167 3.957292 -1
2.063542 4.545833 -1
3.800000 4.519792 -1
2.060417 1.625000 -1
3.884375 1.763542 -1
3.155208 4.788542 -1
4.378125 2.123958 -1
2.701042 4.259375 -1
2.403125 2.927083 -1
1.738542 2.436458 -1
3.809375 0.071875 -1
1.100000 2.718750 -1
3.751042 1.997917 -1
4.228125 4.184375 -1
3.600000 4.155208 -1
3.676042 0.352083 -1
4.688542 3.984375 -1
1.598958 2.389583 -1
3.244792 4.002083 -1
3.184375 2.850000 -1
4.305208 4.860417 -1
2.921875 2.936458 -1
2.003125 1.443750 -1
4.163542 4.052083 -1
1.051042 4.908333 -1
4.965625 2.517708 -1
1.930208 1.508333 -1
2.869792 2.850000 -1
1.206250 3.010417 -1
3.881250 0.894792 -1
4.862500 0.480208 -1
1.152083 0.973958 -1
2.348958 2.203125 -1
3.823958 4.521875 -1
2.063542 4.612500 -1
2.458333 1.933333 -1
1.057292 1.179167 -1
2.904167 3.087500 -1
3.098958 3.584375 -1
3.868750 4.150000 -1
1.359375 1.702083 -1
4.534375 3.289583 -1
3.210417 2.405208 -1
4.007292 2.284375 -1
3.282292 2.888542 -1
1.045833 3.144792 -1
1.236458 2.197917 -1
4.118750 1.452083 -1
4.401042 0.809375 -1
3.289583 3.432292 -1
1.265625 2.213542 -1
2.479167 2.036458 -1
0.301042 0.578125 -1
3.487500 2.036458 -1
2.594792 4.846875 -1
3.738542 2.129167 -1
1.004167 4.816667 -1
4.534375 2.878125 -1
4.967708 2.817708 -1
3.633333 1.013542 -1
3.829167 2.736458 -1
1.079167 2.948958 -1
4.189583 0.480208 -1
1.625000 3.030208 -1
2.679167 4.914583 -1
4.330208 1.811458 -1
4.994792 1.809375 -1
3.847917 3.162500 -1
4.978125 3.920833 -1
1.621875 2.380208 -1
4.665625 4.456250 -1
3.903125 1.550000 -1
4.842708 0.959375 -1
4.896875 4.335417 -1
3.990625 0.442708 -1
4.250000 3.320833 -1
2.254167 2.112500 -1
2.996875 1.103125 -1
1.306250 0.475000 -1
3.966667 1.356250 -1
2.281250 3.944792 -1
3.144792 1.769792 -1
1.325000 2.810417 -1
4.093750 4.389583 -1
3.977083 4.564583 -1
1.284375 2.881250 -1
3.981250 3.993750 -1
1.707292 3.878125 -1
3.329167 3.564583 -1
4.321875 0.446875 -1
1.885417 4.442708 -1
2.559375 2.748958 -1
3.412500 2.834375 -1
3.866667 4.718750 -1
1.177083 2.833333 -1
3.942708 1.325000 -1
1.779167 2.087500 -1
2.764583 0.055208 -1
2.486458 4.512500 -1
2.490625 1.467708 -1
3.506250 4.197917 -1
3.213542 4.703125 -1
0.630208 0.402083 -1
4.844792 0.576042 -1
3.132292 3.258333 -1
3.410417 1.998958 -1
2.700000 2.653125 -1
3.779167 2.345833 -1
4.740625 2.608333 -1
3.316667 0.372917 -1
2.663542 1.544792 -1
2.115625 0.151042 -1
3.923958 2.472917 -1
1.618750 2.431250 -1
4.537500 2.698958 -1
2.134375 0.167708 -1
3.101042 0.151042 -1
0.551042 0.813542 -1
4.071875 2.004167 -1
3.548958 2.782292 -1
4.459375 4.115625 -1
1.461458 3.043750 -1
3.713542 4.779167 -1
3.416667 4.244792 -1
4.190625 3.398958 -1
4.395833 3.115625 -1
3.413542 3.277083 -1
1.581250 3.414583 -1
3.444792 2.548958 -1
3.565625 1.862500 -1
3.362500 2.159375 -1
3.412500 0.301042 -1
4.163542 4.829167 -1
3.084375 3.622917 -1
3.944792 1.387500 -1
2.595833 0.407292 -1
4.431250 4.176042 -1
3.053125 2.848958 -1
3.420833 2.243750 -1
4.114583 0.683333 -1
4.565625 3.772917 -1
1.131250 4.013542 -1
2.187500 4.576042 -1
4.429167 3.619792 -1
1.439583 2.792708 -1
3.093750 4.943750 -1
2.547917 4.044792 -1
1.433333 1.493750 -1
1.901042 4.864583 -1
1.072917 4.954167 -1
3.044792 3.291667 -1
2.548958 2.610417 -1
4.931250 1.546875 -1
4.490625 2.119792 -1
1.123958 3.919792 -1
3.606250 0.430208 -1
4.579167 4.386458 -1
3.148958 0.540625 -1
2.196875 3.564583 -1
4.585417 1.496875 -1
3.393750 4.826042 -1
2.646875 4.063542 -1
4.693750 2.711458 -1
1.625000 2.738542 -1
1.003125 2.041667 -1
3.215625 0.935417 -1
3.588542 2.706250 -1
4.493750 2.394792 -1
3.009375 1.939583 -1
4.647917 4.026042 -1
2.480208 1.844792 -1
2.590625 4.933333 -1
1.209375 0.515625 -1
2.818750 2.469792 -1
4.803125 2.988542 -1
3.566667 1.990625 -1
4.032292 3.318750 -1
3.372917 2.621875 -1
1.026042 2.161458 -1
4.556250 1.078125 -1
3.192708 2.071875 -1
2.970833 0.673958 -1
3.916667 3.428125 -1
3.943750 1.292708 -1
2.594792 3.132292 -1
4.951042 0.600000 -1
4.011458 1.851042 -1
3.918750 0.251042 -1
4.472917 2.811458 -1
4.064583 2.703125 -1
3.618750 2.258333 -1
4.775000 1.589583 -1
2.932292 1.558333 -1
4.552083 3.961458 -1
3.980208 1.027083 -1
1.014583 1.987500 -1
3.987500 4.378125 -1
3.562500 1.805208 -1
4.978125 0.440625 -1
1.522917 1.763542 -1
4.576042 0.971875 -1
3.537500 3.640625 -1
1.541667 0.022917 -1
1.613542 1.697917 -1
2.876042 4.497917 -1
1.327083 4.403125 -1
3.176042 0.307292 -1
2.295833 2.284375 -1
1.435417 0.858333 -1
1.957292 4.280208 -1
1.298958 3.480208 -1
1.044792 4.858333 -1
4.477083 3.487500 -1
3.697917 0.881250 -1
2.128125 0.239583 -1
1.557292 0.384375 -1
4.883333 4.297917 -1
3.701042 3.637500 -1
1.517708 4.132292 -1
3.562500 3.813542 -1
1.416667 2.864583 -1
2.538542 3.373958 -1
4.721875 1.057292 -1
3.696875 2.065625 -1
4.544792 0.261458 -1
2.946875 4.539583 -1
3.301042 4.926042 -1
4.969792 3.761458 -1
3.059375 0.554167 -1
1.063542 1.760417 -1
2.058333 0.447917 -1
3.759375 3.487500 -1
4.262500 3.043750 -1
1.353125 4.667708 -1
4.284375 4.232292 -1
3.506250 4.006250 -1
0.289583 0.070833 -1
1.071875 2.701042 -1
3.604167 3.409375 -1
1.493750 1.440625 -1
2.170833 1.586458 -1
1.293750 3.096875 -1
0.007292 0.223958 -1
2.723958 2.066667 -1
3.420833 2.801042 -1
2.394792 2.640625 -1
2.469792 1.679167 -1
1.872917 3.842708 -1
0.686458 0.029167 -1
1.780208 1.758333 -1
2.730208 4.980208 -1
1.511458 0.705208 -1
3.681250 2.982292 -1
4.114583 3.042708 -1
4.422917 4.152083 -1
2.495833 0.716667 -1
2.437500 4.479167 -1
2.190625 0.858333 -1
3.500000 0.484375 -1
1.265625 3.239583 -1
2.193750 4.818750 -1
3.269792 3.975000 -1
4.443750 3.866667 -1
3.955208 0.955208 -1
4.571875 0.503125 -1
3.937500 1.553125 -1
3.545833 3.360417 -1
4.077083 0.820833 -1
1.413542 2.884375 -1
1.528125 1.717708 -1
1.171875 1.809375 -1
3.730208 0.304167 -1
0.050000 0.923958 -1
2.989583 3.319792 -1
2.765625 2.433333 -1
3.389583 4.626042 -1
2.225000 2.327083 -1
1.179167 3.637500 -1
2.546875 2.632292 -1
3.439583 1.827083 -1
3.384375 4.967708 -1
3.544792 3.615625 -1
1.554167 1.855208 -1
4.728125 0.592708 -1
3.664583 3.458333 -1
3.763542 3.714583 -1
2.248958 1.753125 -1
4.901042 0.015625 -1
2.053125 4.955208 -1
4.603125 0.442708 -1
2.447917 1.828125 -1
3.333333 1.326042 -1
4.112500 3.746875 -1
1.825000 2.553125 -1
0.575000 0.209375 -1
2.520833 1.986458 -1
1.691667 1.941667 -1
3.841667 1.419792 -1
0.401042 0.373958 -1
2.744792 4.164583 -1
4.088542 2.861458 -1
3.784375 1.857292 -1
2.877083 0.838542 -1
4.679167 2.480208 -1
4.147917 4.993750 -1
2.176042 4.785417 -1
1.487500 3.376042 -1
3.978125 0.601042 -1
2.122917 0.804167 -1
1.020833 0.564583 -1
3.880208 1.408333 -1
0.418750 0.572917 -1
3.351042 2.127083 -1
4.859375 3.752083 -1
2.501042 0.471875 -1
3.333333 4.568750 -1
1.314583 1.210417 -1
3.273958 0.993750 -1
1.557292 2.422917 -1
2.208333 0.341667 -1
4.976042 1.187500 -1
3.809375 4.966667 -1
4.858333 4.830208 -1
1.239583 0.950000 -1
2.178125 2.457292 -1
3.078125 2.038542 -1
1.209375 3.445833 -1
2.903125 3.710417 -1
2.296875 4.217708 -1
4.920833 0.570833 -1
3.078125 4.344792 -1
2.275000 0.921875 -1
2.123958 1.084375 -1
3.755208 4.848958 -1
3.782292 4.287500 -1
3.587500 2.888542 -1
3.104167 3.633333 -1
3.538542 4.421875 -1
2.495833 3.915625 -1
4.283333 0.398958 -1
2.626042 1.580208 -1
4.617708 0.413542 -1
0.017708 0.562500 -1
4.758333 0.879167 -1
2.495833 3.570833 -1
1.815625 4.770833 -1
2.360417 1.806250 -1
3.721875 1.115625 -1
1.655208 0.370833 -1
3.259375 3.508333 -1
1.742708 3.605208 -1
0.423958 0.281250 -1
3.028125 2.919792 -1
2.063542 0.178125 -1
3.319792 4.689583 -1
4.625000 0.804167 -1
1.366667 2.729167 -1
3.388542 1.729167 -1
1.300000 3.070833 -1
1.500000 3.660417 -1
4.877083 3.089583 -1
2.643750 4.398958 -1
3.460417 3.046875 -1
2.509375 1.720833 -1
4.421875 2.118750 -1
3.192708 4.846875 -1
4.265625 3.953125 -1
2.021875 3.890625 -1
2.623958 4.991667 -1
1.401042 1.858333 -1
2.720833 4.789583 -1
3.587500 1.888542 -1
2.861458 2.955208 -1
3.415625 0.605208 -1
1.044792 1.059375 -1
1.973958 0.381250 -1
1.959375 4.262500 -1
2.500000 0.153125 -1
1.976042 2.767708 -1
4.240625 2.610417 -1
4.430208 4.988542 -1
2.397917 2.055208 -1
4.980208 1.665625 -1
1.780208 0.568750 -1
1.456250 0.367708 -1
1.189583 3.739583 -1
2.789583 2.234375 -1
2.666667 0.661458 -1
2.473958 2.507292 -1
1.042708 4.433333 -1
1.769792 3.543750 -1
4.586458 3.746875 -1
4.178125 3.828125 -1
1.357292 4.278125 -1
0.202083 0.787500 -1
4.266667 2.600000 -1
4.266667 2.489583 -1
2.480208 1.430208 -1
2.016667 3.013542 -1
2.092708 4.490625 -1
1.790625 2.291667 -1
4.545833 1.378125 -1
1.038542 3.725000 -1
3.072917 0.262500 -1
3.916667 3.004167 -1
3.741667 4.627083 -1
4.983333 0.668750 -1
4.464583 0.708333 -1
4.409375 3.105208 -1
4.536458 2.507292 -1
4.904167 4.495833 -1
4.864583 0.425000 -1
3.033333 4.488542 -1
1.636458 3.972917 -1
4.751042 0.372917 -1
2.247917 1.535417 -1
3.377083 0.990625 -1
4.029167 1.362500 -1
1.865625 4.012500 -1
2.031250 1.331250 -1
2.588542 1.440625 -1
2.303125 3.079167 -1
1.197917 4.706250 -1
3.453125 3.968750 -1
4.202083 3.317708 -1
4.393750 2.567708 -1
4.972917 2.844792 -1
0.479167 0.873958 -1
2.333333 4.982292 -1
2.713542 4.952083 -1
1.487500 1.600000 -1
2.962500 0.685417 -1
2.395833 2.861458 -1
4.883333 4.984375 -1
2.168750 2.187500 -1
1.893750 4.383333 -1
2.335417 3.963542 -1
2.701042 4.596875 -1
4.397917 0.541667 -1
2.441667 2.743750 -1
4.282292 2.641667 -1
2.726042 1.995833 -1
2.593750 0.947917 -1
4.825000 1.947917 -1
2.464583 3.378125 -1
4.331250 4.861458 -1
1.239583 4.214583 -1
2.712500 3.408333 -1
1.402083 3.643750 -1
4.642708 1.163542 -1
3.027083 1.978125 -1
2.993750 3.595833 -1
4.441667 2.391667 -1
2.004167 4.750000 -1
2.392708 0.728125 -1
4.015625 2.853125 -1
1.676042 3.841667 -1
4.802083 2.091667 -1
2.486458 2.266667 -1
3.336458 1.817708 -1
4.994792 4.576042 -1
3.900000 0.575000 -1
0.851042 0.302083 -1
4.218750 0.493750 -1
4.332292 0.112500 -1
3.708333 4.781250 -1
4.717708 3.579167 -1
4.532292 2.719792 -1
2.732292 4.791667 -1
3.447917 1.748958 -1
2.644792 2.991667 -1
3.457292 2.446875 -1
2.950000 3.810417 -1
2.581250 1.286458 -1
3.495833 0.442708 -1
3.729167 2.395833 -1
1.017708 4.580208 -1
0.564583 0.236458 -1
2.941667 4.897917 -1
2.223958 1.925000 -1
3.371875 0.461458 -1
2.529167 1.104167 -1
3.969792 2.043750 -1
3.212500 1.919792 -1
1.072917 4.351042 -1
1.237500 4.802083 -1
1.746875 2.255208 -1
2.248958 2.311458 -1
0.359375 0.190625 -1
1.338542 2.301042 -1
3.367708 2.268750 -1
2.110417 1.739583 -1
2.730208 2.506250 -1
3.484375 1.431250 -1
1.616667 0.320833 -1
1.342708 4.829167 -1
3.490625 1.180208 -1
4.415625 2.594792 -1
4.850000 3.232292 -1
1.340625 3.076042 -1
1.289583 1.417708 -1
1.652083 2.629167 -1
1.585417 0.020833 -1
4.897917 1.562500 -1
1.760417 0.494792 -1
4.068750 0.338542 -1
4.212500 0.420833 -1
4.637500 0.829167 -1
3.526042 0.850000 -1
1.044792 4.883333 -1
2.030208 0.460417 -1
2.478125 0.880208 -1
4.489583 0.194792 -1
1.979167 0.830208 -1
3.271875 3.268750 -1
2.811458 3.662500 -1
1.129167 2.439583 -1
4.158333 0.198958 -1
2.778125 3.370833 -1
2.067708 4.228125 -1
3.395833 3.460417 -1
3.343750 4.976042 -1
4.901042 0.821875 -1
1.016667 0.702083 -1
3.088542 2.155208 -1
3.970833 1.069792 -1
2.080208 2.736458 -1
1.398958 1.766667 -1
0.197917 0.557292 -1
4.832292 2.977083 -1
1.795833 0.452083 -1
2.547917 1.656250 -1
2.323958 0.492708 -1
1.096875 3.534375 -1
2.222917 4.191667 -1
1.122917 1.106250 -1
2.760417 2.078125 -1
3.262500 1.732292 -1
3.148958 3.209375 -1
4.468750 3.786458 -1
4.292708 0.386458 -1
4.143750 3.955208 -1
3.705208 2.403125 -1
2.818750 4.119792 -1
4.059375 3.009375 -1
4.613542 0.157292 -1
4.410417 2.948958 -1
1.889583 1.633333 -1
2.739583 2.768750 -1
4.501042 1.107292 -1
4.211458 1.836458 -1
4.893750 0.180208 -1
4.213542 2.731250 -1
1.566667 1.223958 -1
1.686458 3.139583 -1
3.627083 2.371875 -1
2.259375 2.687500 -1
3.247917 1.872917 -1
2.689583 2.601042 -1
4.291667 2.697917 -1
3.480208 2.031250 -1
3.333333 1.438542 -1
2.538542 0.306250 -1
3.159375 0.977083 -1
1.487500 0.239583 -1
3.708333 0.920833 -1
1.463542 3.261458 -1
4.060417 0.091667 -1
1.060417 1.357292 -1
1.539583 3.750000 -1
1.825000 3.697917 -1
4.314583 3.171875 -1
3.596875 2.648958 -1
2.478125 4.497917 -1
3.351042 2.890625 -1
2.477083 3.756250 -1
1.064583 3.504167 -1
4.734375 2.552083 -1
3.743750 1.309375 -1
3.472917 3.075000 -1
4.571875 0.401042 -1
3.166667 3.071875 -1
1.721875 3.812500 -1
1.954167 0.648958 -1
3.036458 1.360417 -1
4.400000 2.728125 -1
2.926042 1.581250 -1
2.096875 3.378125 -1
1.020833 3.314583 -1
4.136458 3.497917 -1
2.071875 0.201042 -1
4.868750 4.672917 -1
3.848958 1.959375 -1
4.555208 3.420833 -1
2.360417 0.588542 -1
4.360417 4.082292 -1
4.401042 1.314583 -1
2.598958 0.304167 -1
3.032292 3.467708 -1
1.446875 1.798958 -1
4.990625 3.544792 -1
3.044792 3.878125 -1
1.859375 2.181250 -1
2.382292 0.112500 -1
1.470833 3.002083 -1
4.459375 0.320833 -1
4.961458 4.014583 -1
1.608333 0.189583 -1
4.603125 0.968750 -1
2.138542 1.870833 -1
2.175000 3.559375 -1
1.736458 3.073958 -1
4.893750 1.051042 -1
4.873958 4.885417 -1
4.595833 2.918750 -1
1.630208 4.321875 -1
2.966667 1.873958 -1
1.120833 0.348958 -1
4.854167 2.591667 -1
1.217708 4.313542 -1
3.329167 0.255208 -1
4.235417 0.798958 -1
1.223958 1.375000 -1
2.670833 4.241667 -1
1.112500 2.712500 -1
2.801042 0.716667 -1
3.654167 2.694792 -1
1.767708 3.528125 -1
4.313542 2.078125 -1
3.552083 2.280208 -1
3.952083 4.672917 -1
3.626042 4.316667 -1
4.033333 2.862500 -1
0.115625 0.258333 -1
2.104167 0.653125 -1
2.366667 3.216667 -1
3.366667 0.167708 -1
1.800000 2.020833 -1
3.415625 1.177083 -1
0.664583 0.595833 -1
1.121875 2.084375 -1
4.623958 1.238542 -1
4.614583 4.756250 -1
1.402083 4.444792 -1
2.785417 0.435417 -1
-0.173958 0.767708 -1
-3.560417 2.278125 -1
-1.421875 0.927083 -1
-3.961458 0.162500 -1
-4.676042 4.691667 -1
-1.597917 0.958333 -1
-3.735417 2.262500 -1
-1.554167 2.723958 -1
-4.346875 2.296875 -1
-1.402083 3.145833 -1
-1.594792 0.087500 -1
-1.614583 0.863542 -1
-4.532292 4.400000 -1
-1.300000 2.573958 -1
-4.852083 4.457292 -1
-2.112500 2.616667 -1
-3.378125 4.655208 -1
-2.308333 4.976042 -1
-0.105208 0.034375 -1
-1.634375 2.319792 -1
-0.197917 0.166667 -1
-4.158333 4.466667 -1
-3.312500 3.619792 -1
-4.554167 4.928125 -1
-4.484375 1.953125 -1
-2.194792 0.784375 -1
-4.527083 0.230208 -1
-3.511458 4.380208 -1
-4.687500 2.166667 -1
-2.594792 1.800000 -1
-4.784375 3.839583 -1
-4.321875 4.959375 -1
-3.815625 2.802083 -1
-3.870833 1.788542 -1
-2.836458 0.505208 -1
-4.108333 0.901042 -1
-3.538542 1.133333 -1
-4.753125 2.788542 -1
-4.646875 4.237500 -1
-4.742708 1.841667 -1
-2.888542 4.269792 -1
-2.072917 4.267708 -1
-1.516667 4.627083 -1
-1.434375 1.979167 -1
-4.294792 1.218750 -1
-1.179167 2.502083 -1
-1.419792 2.916667 -1
-4.290625 2.122917 -1
-3.421875 1.265625 -1
-2.398958 1.259375 -1
-4.546875 2.152083 -1
-1.915625 4.193750 -1
-4.257292 1.658333 -1
-3.902083 0.012500 -1
-3.794792 3.841667 -1
-4.280208 0.312500 -1
-3.469792 3.582292 -1
-2.291667 2.764583 -1
-4.801042 3.110417 -1
-4.247917 3.846875 -1
-3.479167 3.534375 -1
-1.763542 0.636458 -1
-3.525000 3.053125 -1
-1.902083 4.416667 -1
-2.881250 4.301042 -1
-3.542708 2.428125 -1
-4.320833 0.458333 -1
-1.621875 1.444792 -1
-2.116667 3.390625 -1
-1.457292 0.912500 -1
-2.233333 3.605208 -1
-4.091667 3.569792 -1
-2.187500 1.383333 -1
-4.201042 4.855208 -1
-2.360417 3.448958 -1
-3.703125 3.707292 -1
-4.851042 0.466667 -1
-4.343750 3.376042 -1
-1.386458 1.246875 -1
-2.792708 4.267708 -1
-3.414583 4.202083 -1
-1.695833 2.735417 -1
-4.661458 1.184375 -1
-4.180208 4.644792 -1
-2.442708 3.505208 -1
-3.423958 2.542708 -1
-2.110417 2.515625 -1
-1.112500 2.164583 -1
-1.765625 0.313542 -1
-2.019792 1.993750 -1
-1.629167 0.722917 -1
-4.057292 2.911458 -1
-2.722917 0.443750 -1
-4.158333 3.382292 -1
-2.579167 0.440625 -1
-2.585417 2.141667 -1
-3.176042 0.113542 -1
-1.193750 0.223958 -1
-4.758333 3.636458 -1
-3.729167 1.050000 -1
-1.179167 3.706250 -1
-1.432292 2.291667 -1
-3.059375 2.101042 -1
-1.481250 1.627083 -1
-1.448958 0.538542 -1
-2.405208 4.171875 -1
-3.848958 4.431250 -1
-4.871875 3.007292 -1
-3.570833 0.914583 -1
-3.120833 4.764583 -1
-1.138542 0.745833 -1
-1.267708 2.734375 -1
-4.662500 2.446875 -1
-1.440625 1.095833 -1
-2.605208 2.311458 -1
-2.161458 0.943750 -1
-3.069792 3.087500 -1
-3.044792 2.417708 -1
-2.581250 2.360417 -1
-2.956250 4.986458 -1
-4.400000 4.671875 -1
-4.417708 4.821875 -1
-3.967708 2.156250 -1
-0.695833 0.405208 -1
-3.071875 1.683333 -1
-3.036458 4.210417 -1
-2.429167 4.304167 -1
-1.945833 2.092708 -1
-4.617708 1.253125 -1
-1.055208 0.089583 -1
-1.432292 1.083333 -1
-1.033333 4.502083 -1
-4.170833 1.944792 -1
-1.919792 4.618750 -1
-4.306250 2.742708 -1
-2.471875 1.572917 -1
-4.261458 4.248958 -1
-1.913542 4.957292 -1
-4.654167 4.985417 -1
-1.640625 2.690625 -1
-2.063542 4.069792 -1
-4.861458 1.876042 -1
-4.029167 4.479167 -1
-3.129167 0.084375 -1
-4.568750 4.561458 -1
-1.930208 3.205208 -1
-2.326042 3.163542 -1
-4.160417 2.608333 -1
-1.857292 2.701042 -1
-3.379167 4.379167 -1
-4.936458 0.484375 -1
-4.822917 4.798958 -1
-2.360417 3.853125 -1
-2.144792 3.356250 -1
-1.804167 4.581250 -1
-3.050000 2.715625 -1
-1.911458 3.464583 -1
-2.300000 0.469792 -1
-1.052083 4.626042 -1
-3.633333 0.212500 -1
-2.234375 2.287500 -1
-1.501042 1.959375 -1
-4.988542 2.746875 -1
-1.338542 3.409375 -1
-1.760417 0.457292 -1
-1.807292 4.120833 -1
-4.310417 3.953125 -1
-1.401042 1.130208 -1
-2.687500 4.451042 -1
-1.712500 2.466667 -1
-2.916667 4.012500 -1
-2.936458 1.835417 -1
-3.639583 4.436458 -1
-4.915625 0.873958 -1
-1.723958 1.416667 -1
-4.164583 4.905208 -1
-2.989583 4.797917 -1
-4.047917 4.750000 -1
-0.255208 0.855208 -1
-1.738542 2.432292 -1
-2.675000 2.083333 -1
-4.281250 4.076042 -1
-1.080208 4.835417 -1
-3.528125 2.792708 -1
-2.302083 4.311458 -1
-4.672917 0.238542 -1
-4.013542 3.312500 -1
-4.675000 3.929167 -1
-2.053125 1.398958 -1
-2.659375 1.835417 -1
-4.452083 0.298958 -1
-1.140625 2.745833 -1
-0.048958 0.087500 -1
-2.582292 1.443750 -1
-2.881250 4.884375 -1
-2.990625 2.635417 -1
-3.733333 2.665625 -1
-1.565625 0.786458 -1
-1.932292 4.779167 -1
-3.540625 0.778125 -1
-2.157292 4.067708 -1
-2.613542 2.200000 -1
-3.990625 3.831250 -1
-0.044792 0.131250 -1
-1.577083 0.093750 -1
-3.086458 2.026042 -1
-1.537500 3.834375 -1
-4.778125 0.159375 -1
-1.388542 2.768750 -1
-2.794792 2.988542 -1
-3.301042 2.227083 -1
-3.775000 3.100000 -1
-2.006250 0.183333 -1
-3.878125 4.163542 -1
-4.251042 4.358333 -1
-1.364583 2.892708 -1
-2.158333 4.596875 -1
-1.965625 1.148958 -1
-3.428125 2.010417 -1
-4.146875 2.872917 -1
-4.970833 2.233333 -1
-2.765625 4.375000 -1
-1.067708 2.543750 -1
-4.534375 0.322917 -1
-3.179167 0.195833 -1
-3.311458 4.347917 -1
-2.423958 4.954167 -1
-2.447917 4.430208 -1
-1.461458 2.255208 -1
-1.418750 0.692708 -1
-3.014583 3.577083 -1
-2.592708 1.585417 -1
-4.857292 1.740625 -1
-4.458333 2.694792 -1
-3.973958 2.223958 -1
-2.069792 0.042708 -1
-2.635417 4.470833 -1
-3.232292 0.814583 -1
-2.534375 1.544792 -1
-4.365625 0.478125 -1
-2.255208 2.369792 -1
-4.671875 1.583333 -1
-4.625000 3.957292 -1
-2.276042 2.639583 -1
-4.152083 3.211458 -1
-4.735417 1.477083 -1
-1.567708 0.843750 -1
-4.486458 4.203125 -1
-2.130208 3.047917 -1
-3.526042 0.796875 -1
-1.732292 1.064583 -1
-2.381250 4.223958 -1
-2.889583 2.523958 -1
-1.864583 3.291667 -1
-0.090625 0.218750 -1
-4.153125 2.109375 -1
-3.430208 1.756250 -1
-1.453125 2.204167 -1
-1.200000 3.021875 -1
-3.048958 0.686458 -1
-1.271875 0.110417 -1
-1.947917 1.269792 -1
-1.026042 2.622917 -1
-1.286458 2.365625 -1
-1.351042 1.534375 -1
-1.589583 4.240625 -1
-4.059375 1.320833 -1
-4.406250 2.418750 -1
-4.127083 0.704167 -1
-2.041667 3.446875 -1
-2.908333 3.241667 -1
-1.468750 3.823958 -1
-3.928125 1.561458 -1
-4.538542 2.003125 -1
-4.337500 3.431250 -1
-2.492708 4.969792 -1
-3.717708 3.780208 -1
-0.202083 0.068750 -1
-3.181250 1.792708 -1
-2.176042 2.240625 -1
-4.258333 0.387500 -1
-2.860417 1.252083 -1
-1.091667 4.903125 -1
-4.698958 1.866667 -1
-1.011458 4.035417 -1
-3.463542 3.613542 -1
-0.617708 0.212500 -1
-2.167708 0.977083 -1
-3.048958 0.885417 -1
-2.623958 3.252083 -1
-2.911458 0.996875 -1
-1.438542 0.171875 -1
-2.145833 2.165625 -1
-4.290625 1.104167 -1
-4.935417 1.857292 -1
-2.971875 0.947917 -1
-3.755208 2.222917 -1
-2.709375 3.126042 -1
-4.606250 3.625000 -1
-1.878125 0.096875 -1
-4.743750 2.832292 -1
-1.695833 1.817708 -1
-2.281250 3.134375 -1
-4.856250 2.293750 -1
-3.167708 4.147917 -1
-3.398958 3.103125 -1
-1.005208 4.237500 -1
-4.051042 4.764583 -1
-1.987500 3.778125 -1
-0.303125 0.812500 -1
-0.273958 0.879167 -1
-3.939583 2.746875 -1
-2.371875 0.817708 -1
-2.843750 2.115625 -1
-1.517708 3.747917 -1
-2.638542 1.080208 -1
-3.432292 2.786458 -1
-2.082292 3.288542 -1
-0.080208 0.250000 -1
-3.353125 4.175000 -1
-0.583333 0.271875 -1
-3.939583 4.217708 -1
-4.607292 1.137500 -1
-2.861458 1.413542 -1
-3.884375 0.233333 -1
-3.342708 0.721875 -1
-3.508333 2.645833 -1
-4.935417 4.115625 -1
-3.143750 3.385417 -1
-2.254167 2.083333 -1
-2.604167 1.066667 -1
-3.744792 1.334375 -1
-2.471875 0.910417 -1
-4.011458 0.596875 -1
-2.946875 2.161458 -1
-4.950000 1.377083 -1
-1.803125 1.325000 -1
-4.022917 2.601042 -1
-2.780208 2.652083 -1
-1.569792 0.582292 -1
-1.767708 4.713542 -1
-3.968750 1.889583 -1
-4.663542 4.439583 -1
-2.956250 3.408333 -1
-4.627083 1.112500 -1
-1.915625 0.126042 -1
-3.590625 1.286458 -1
-3.021875 4.404167 -1
-1.314583 0.838542 -1
-2.163542 2.670833 -1
-3.586458 2.811458 -1
-3.393750 4.957292 -1
-2.736458 0.229167 -1
-1.846875 0.267708 -1
-4.668750 4.803125 -1
-1.542708 3.309375 -1
-3.675000 1.170833 -1
-4.421875 3.458333 -1
-4.163542 4.757292 -1
-2.252083 0.620833 -1
-3.911458 3.141667 -1
-0.025000 0.226042 -1
-3.980208 0.806250 -1
-1.211458 4.011458 -1
-1.343750 2.665625 -1
-1.822917 1.666667 -1
-0.688542 0.216667 -1
-1.625000 1.292708 -1
-1.560417 2.982292 -1
-4.009375 3.103125 -1
-4.159375 2.684375 -1
-2.140625 3.581250 -1
-1.142708 4.171875 -1
-1.206250 1.262500 -1
-2.659375 2.984375 -1
-4.404167 0.552083 -1
-1.077083 1.251042 -1
-4.225000 0.156250 -1
-0.262500 0.569792 -1
-2.821875 4.952083 -1
-2.236458 1.377083 -1
-3.036458 1.728125 -1
-2.669792 3.483333 -1
-3.067708 2.096875 -1
-4.332292 2.077083 -1
-3.067708 3.491667 -1
-2.628125 3.075000 -1
-4.940625 3.771875 -1
-2.901042 2.773958 -1
-1.997917 0.171875 -1
-1.192708 3.075000 -1
-1.422917 0.417708 -1
-3.231250 4.553125 -1
-4.505208 1.091667 -1
-0.297917 0.408333 -1
-1.758333 3.754167 -1
-2.932292 1.091667 -1
-3.697917 3.866667 -1
-2.450000 1.327083 -1
-1.941667 2.390625 -1
-2.965625 4.922917 -1
-1.404167 0.866667 -1
-1.038542 1.756250 -1
-4.344792 0.328125 -1
-2.173958 0.442708 -1
-2.747917 1.029167 -1
-4.363542 0.120833 -1
-4.987500 2.528125 -1
-0.529167 0.673958 -1
-3.362500 2.288542 -1
-2.295833 4.161458 -1
-3.380208 0.993750 -1
-3.028125 3.696875 -1
-2.320833 2.837500 -1
-1.088542 0.286458 -1
-4.019792 1.190625 -1
-3.762500 2.925000 -1
-2.946875 3.107292 -1
-3.254167 2.987500 -1
-3.550000 3.868750 -1
-4.016667 2.913542 -1
-3.989583 1.870833 -1
-2.545833 1.671875 -1
-4.675000 4.841667 -1
-4.618750 1.023958 -1
-2.433333 0.707292 -1
-1.310417 3.060417 -1
-1.067708 0.331250 -1
-4.251042 4.830208 -1
-1.122917 0.064583 -1
-2.937500 2.243750 -1
-3.052083 1.487500 -1
-1.113542 4.936458 -1
-2.268750 0.103125 -1
-1.807292 0.577083 -1
-2.489583 2.219792 -1
-2.248958 2.164583 -1
-2.061458 0.950000 -1
-2.679167 0.572917 -1
-1.788542 2.979167 -1
-1.280208 0.965625 -1
-1.039583 2.347917 -1
-4.163542 0.290625 -1
-2.178125 0.287500 -1
-3.221875 2.982292 -1
-2.531250 1.273958 -1
-4.470833 1.511458 -1
-4.077083 4.606250 -1
-4.482292 0.885417 -1
-3.105208 0.300000 -1
-2.004167 3.034375 -1
-4.116667 2.957292 -1
-3.798958 4.662500 -1
-3.530208 3.454167 -1
-2.641667 2.678125 -1
-4.419792 3.681250 -1
-2.892708 3.584375 -1
-1.838542 0.071875 -1
-1.738542 0.060417 -1
-4.201042 3.258333 -1
-2.864583 0.264583 -1
-2.031250 0.915625 -1
-4.082292 4.973958 -1
-3.904167 3.198958 -1
-0.798958 0.569792 -1
-2.861458 2.195833 -1
-4.023958 3.369792 -1
-4.873958 1.311458 -1
-2.051042 2.767708 -1
-4.895833 1.756250 -1
-4.683333 1.627083 -1
-3.770833 3.884375 -1
-4.886458 2.419792 -1
-0.030208 0.617708 -1
-1.533333 0.655208 -1
-3.495833 4.703125 -1
-1.681250 4.294792 -1
-1.491667 2.164583 -1
-3.476042 0.696875 -1
-2.000000 1.238542 -1
-0.319792 0.572917 -1
-0.739583 0.003125 -1
-1.755208 2.820833 -1
-4.797917 4.652083 -1
-3.438542 0.350000 -1
-4.581250 2.839583 -1
-3.871875 3.246875 -1
-1.321875 2.367708 -1
-2.950000 0.870833 -1
-1.663542 1.090625 -1
-1.146875 3.155208 -1
-3.256250 4.793750 -1
-2.387500 4.598958 -1
-2.828125 1.578125 -1
-3.681250 2.895833 -1
-3.956250 3.303125 -1
-2.956250 2.022917 -1
-1.971875 0.404167 -1
-2.729167 0.843750 -1
-3.651042 4.051042 -1
-1.078125 4.467708 -1
-2.788542 0.608333 -1
-1.630208 1.682292 -1
-1.596875 4.018750 -1
-1.281250 4.954167 -1
-1.273958 2.119792 -1
-3.632292 1.968750 -1
-1.565625 2.314583 -1
-2.732292 3.388542 -1
-2.143750 1.440625 -1
-3.338542 1.982292 -1
-1.844792 1.067708 -1
-2.986458 4.638542 -1
-2.831250 3.641667 -1
-3.763542 4.220833 -1
-1.996875 0.037500 -1
-4.208333 3.495833 -1
-4.872917 0.773958 -1
-4.162500 4.295833 -1
-3.921875 4.173958 -1
-3.603125 0.127083 -1
-1.156250 0.448958 -1
-1.195833 4.716667 -1
-3.811458 4.182292 -1
-4.355208 1.642708 -1
-2.900000 1.136458 -1
-1.480208 0.839583 -1
-3.178125 3.110417 -1
-3.147917 4.269792 -1
-1.538542 0.888542 -1
-2.910417 0.215625 -1
-3.493750 2.072917 -1
-2.378125 0.282292 -1
-4.113542 0.982292 -1
-1.431250 1.606250 -1
-2.854167 3.109375 -1
-3.655208 2.209375 -1
-2.619792 4.345833 -1
-4.678125 3.386458 -1
-3.348958 4.026042 -1
-4.227083 1.528125 -1
-2.136458 2.155208 -1
-2.436458 3.152083 -1
-4.291667 3.975000 -1
-4.040625 2.202083 -1
-2.058333 0.401042 -1
-2.141667 4.436458 -1
-3.551042 1.256250 -1
-4.393750 4.716667 -1
-3.434375 2.247917 -1
-2.323958 3.313542 -1
-2.168750 4.868750 -1
-1.700000 0.518750 -1
-3.894792 3.793750 -1
-4.913542 3.898958 -1
-3.815625 2.350000 -1
-2.051042 3.107292 -1
-4.192708 3.958333 -1
-2.226042 0.318750 -1
-3.554167 0.777083 -1
-1.575000 1.840625 -1
-4.738542 0.968750 -1
-4.423958 1.039583 -1
-1.083333 0.117708 -1
-1.297917 3.165625 -1
-4.009375 0.865625 -1
-3.684375 0.771875 -1
-2.526042 3.597917 -1
-4.670833 1.342708 -1
-3.814583 4.588542 -1
-4.450000 3.007292 -1
-1.413542 2.627083 -1
-2.125000 3.639583 -1
-2.945833 3.546875 -1
-2.284375 4.520833 -1
-3.356250 4.811458 -1
-2.796875 1.926042 -1
-1.446875 1.961458 -1
-2.958333 0.456250 -1
-2.827083 4.509375 -1
-1.228125 0.354167 -1
-1.696875 4.789583 -1
-3.354167 1.146875 -1
-1.640625 0.656250 -1
-1.275000 4.586458 -1
-4.203125 3.559375 -1
-1.973958 2.457292 -1
-3.448958 3.196875 -1
-3.369792 0.798958 -1
-4.172917 2.683333 -1
-2.761458 2.131250 -1
-3.140625 0.588542 -1
-1.641667 2.235417 -1
-1.002083 0.506250 -1
-4.520833 0.936458 -1
-1.991667 1.161458 -1
-4.459375 1.133333 -1
-3.615625 3.662500 -1
-4.692708 3.456250 -1
-3.986458 1.008333 -1
-1.654167 4.121875 -1
-3.255208 2.890625 -1
-4.921875 2.428125 -1
-2.426042 3.715625 -1
-1.138542 4.067708 -1
-3.817708 4.948958 -1
-4.551042 2.686458 -1
-4.910417 2.842708 -1
-3.626042 4.768750 -1
-4.005208 3.085417 -1
-4.614583 3.461458 -1
-3.943750 3.601042 -1
-4.469792 3.464583 -1
-0.590625 0.591667 -1
-1.356250 0.512500 -1
-3.019792 1.931250 -1
-1.062500 0.446875 -1
-3.513542 2.201042 -1
-2.381250 2.331250 -1
-2.150000 4.798958 -1
-0.018750 0.472917 -1
-4.622917 4.929167 -1
-3.315625 1.115625 -1
-2.564583 0.187500 -1
-2.068750 3.466667 -1
-4.794792 4.619792 -1
-3.084375 3.742708 -1
-2.723958 4.440625 -1
-4.255208 0.743750 -1
-4.238542 0.317708 -1
-4.057292 2.752083 -1
-4.105208 2.969792 -1
-3.009375 3.728125 -1
-2.711458 3.330208 -1
-4.380208 4.780208 -1
-1.796875 0.055208 -1
-1.463542 1.591667 -1
-2.541667 4.615625 -1
-1.589583 0.627083 -1
-3.358333 4.313542 -1
-2.934375 0.480208 -1
-0.058333 0.040625 -1
-3.664583 1.982292 -1
-2.792708 4.051042 -1
-1.288542 0.743750 -1
-4.454167 0.394792 -1
-3.713542 0.330208 -1
-1.989583 2.345833 -1
-4.521875 4.701042 -1
-4.481250 0.339583 -1
-1.825000 3.812500 -1
-4.797917 4.366667 -1
-1.294792 1.388542 -1
-2.860417 2.520833 -1
-3.001042 3.627083 -1
-3.703125 1.666667 -1
-3.584375 1.898958 -1
-2.240625 0.905208 -1
-1.235417 2.151042 -1
-1.167708 3.623958 -1
-4.718750 4.710417 -1
-1.585417 2.175000 -1
-1.237500 4.446875 -1
-4.695833 1.940625 -1
-3.109375 0.564583 -1
-1.175000 1.548958 -1
-3.811458 1.282292 -1
-2.454167 3.971875 -1
-3.989583 4.138542 -1
-3.848958 0.573958 -1
-1.616667 2.245833 -1
-1.698958 2.854167 -1
-4.559375 4.262500 -1
-2.661458 0.535417 -1
-2.693750 1.096875 -1
-2.347917 2.791667 -1
-4.340625 3.953125 -1
-2.672917 4.661458 -1
-1.217708 4.782292 -1
-2.648958 4.264583 -1
-3.491667 1.497917 -1
-2.706250 4.268750 -1
-3.265625 3.365625 -1
-3.792708 2.748958 -1
-2.621875 1.132292 -1
-3.572917 0.315625 -1
-2.229167 3.787500 -1
-2.058333 2.851042 -1
-1.361458 4.793750 -1
-4.058333 3.992708 -1
-1.128125 1.640625 -1
-2.997917 2.788542 -1
-4.389583 1.476042 -1
-1.147917 2.860417 -1
-4.514583 1.636458 -1
-1.859375 3.087500 -1
-4.818750 4.088542 -1
-1.876042 0.792708 -1
-4.326042 4.920833 -1
-1.840625 4.251042 -1
-2.102083 2.000000 -1
-2.343750 0.469792 -1
-1.010417 4.268750 -1
-4.462500 4.385417 -1
-3.901042 3.457292 -1
-3.893750 1.898958 -1
-1.245833 1.150000 -1
-3.375000 2.393750 -1
-4.010417 2.889583 -1
-4.030208 0.869792 -1
-3.844792 3.848958 -1
-2.825000 3.587500 -1
-2.508333 0.018750 -1
-3.508333 4.348958 -1
-4.269792 4.146875 -1
-4.765625 4.239583 -1
-4.013542 2.109375 -1
-4.709375 0.023958 -1
-4.245833 2.038542 -1
-4.409375 3.146875 -1
-4.454167 3.420833 -1
-2.003125 1.331250 -1
-4.178125 3.901042 -1
-0.068750 0.889583 -1
-0.616667 0.760417 -1
-4.477083 0.992708 -1
-3.208333 2.916667 -1
-2.865625 2.975000 -1
-2.156250 1.879167 -1
-2.951042 4.732292 -1
-1.903125 2.196875 -1
-1.770833 4.179167 -1
-0.343750 0.133333 -1
-4.742708 2.670833 -1
-1.678125 4.613542 -1
-1.868750 3.722917 -1
-3.514583 1.937500 -1
-4.612500 1.997917 -1
-2.990625 1.344792 -1
-2.808333 1.200000 -1
-4.261458 0.673958 -1
-2.041667 4.284375 -1
-4.016667 0.189583 -1
-2.190625 0.787500 -1
-4.368750 0.401042 -1
-3.658333 0.664583 -1
-1.926042 1.659375 -1
-4.796875 4.405208 -1
-1.525000 0.362500 -1
-1.361458 2.382292 -1
-1.708333 2.036458 -1
-3.582292 3.836458 -1
-0.577083 0.623958 -1
-3.121875 0.996875 -1
-3.484375 2.138542 -1
-1.186458 0.675000 -1
-3.942708 4.582292 -1
-3.875000 2.601042 -1
-4.123958 0.596875 -1
-2.918750 1.788542 -1
-2.868750 4.443750 -1
-2.151042 2.096875 -1
-1.827083 3.859375 -1
-4.133333 3.276042 -1
-1.767708 3.685417 -1
-3.573958 0.252083 -1
-3.690625 2.627083 -1
-3.793750 4.484375 -1
-3.916667 2.736458 -1
-4.066667 2.791667 -1
-3.205208 2.181250 -1
-4.789583 1.876042 -1
-3.440625 1.781250 -1
-3.569792 3.209375 -1
-3.670833 0.720833 -1
-2.447917 4.440625 -1
-4.507292 3.011458 -1
-2.018750 4.141667 -1
-4.563542 3.459375 -1
-4.393750 3.254167 -1
-1.087500 1.054167 -1
-1.658333 2.539583 -1
-2.587500 0.452083 -1
-4.606250 1.028125 -1
-2.233333 2.813542 -1
-0.255208 0.803125 -1
-1.023958 1.792708 -1
-4.391667 4.197917 -1
-3.023958 1.839583 -1
-1.505208 0.397917 -1
-4.851042 3.523958 -1
-4.540625 4.414583 -1
-4.851042 1.801042 -1
-1.676042 2.381250 -1
-3.682292 2.338542 -1
-2.978125 1.269792 -1
-0.165625 0.758333 -1
-1.561458 4.289583 -1
-2.946875 0.953125 -1
-3.487500 0.970833 -1
-4.235417 0.510417 -1
-1.384375 3.776042 -1
-2.791667 1.235417 -1
-3.444792 3.328125 -1
-4.469792 4.583333 -1
-4.415625 1.018750 -1
-1.921875 2.393750 -1
-0.156250 0.445833 -1
-4.978125 3.188542 -1
-1.204167 3.243750 -1
-1.476042 2.766667 -1
-2.533333 4.422917 -1
-1.586458 3.887500 -1
-3.260417 0.113542 -1
-3.881250 2.495833 -1
-4.139583 1.283333 -1
-4.367708 2.584375 -1
-4.611458 2.275000 -1
-1.752083 1.947917 -1
-1.858333 1.167708 -1
-2.967708 1.646875 -1
-3.561458 0.990625 -1
-2.092708 1.406250 -1
-4.179167 3.297917 -1
-2.517708 3.521875 -1
-3.931250 2.917708 -1
-1.806250 4.071875 -1
-1.364583 3.554167 -1
-1.567708 1.989583 -1
-1.686458 0.707292 -1
-1.139583 3.920833 -1
-1.158333 0.751042 -1
-4.062500 2.910417 -1
-2.698958 3.787500 -1
-1.944792 3.533333 -1
-2.390625 0.393750 -1
-4.780208 4.436458 -1
-1.558333 2.297917 -1
-2.958333 3.356250 -1
-3.082292 3.769792 -1
-4.608333 4.888542 -1
-1.309375 0.143750 -1
-3.717708 1.968750 -1
-4.783333 4.877083 -1
-2.633333 2.600000 -1
-4.686458 0.934375 -1
-1.329167 3.619792 -1
-4.381250 0.754167 -1
-3.784375 0.207292 -1
-4.111458 1.867708 -1
-3.977083 1.586458 -1
-1.756250 2.553125 -1
-2.559375 3.066667 -1
-2.696875 3.389583 -1
-3.929167 1.414583 -1
-3.225000 3.713542 -1
-4.158333 3.812500 -1
-4.965625 3.060417 -1
-1.861458 1.253125 -1
-2.463542 3.190625 -1
-4.873958 1.845833 -1
-3.945833 3.658333 -1
-4.919792 0.923958 -1
-2.510417 0.150000 -1
-4.316667 2.936458 -1
-1.083333 2.013542 -1
-4.192708 0.012500 -1
-1.295833 2.418750 -1
-1.592708 3.320833 -1
-4.097917 2.019792 -1
-3.134375 4.063542 -1
-2.946875 3.414583 -1
-1.582292 4.808333 -1
-2.535417 1.913542 -1
-0.866667 0.276042 -1
-1.626042 2.679167 -1
-1.801042 1.545833 -1
-1.469792 0.194792 -1
-3.309375 3.980208 -1
-1.916667 4.294792 -1
-2.507292 1.110417 -1
-2.173958 1.669792 -1
-1.395833 3.767708 -1
-4.991667 0.493750 -1
-3.654167 0.992708 -1
-4.557292 4.467708 -1
-2.275000 4.006250 -1
-4.276042 4.810417 -1
-3.786458 3.009375 -1
-0.086458 0.412500 -1
-1.958333 2.158333 -1
-4.948958 3.135417 -1
-4.005208 0.293750 -1
-4.588542 1.136458 -1
-2.766667 1.763542 -1
-3.397917 0.665625 -1
-4.656250 2.052083 -1
-4.525000 2.080208 -1
-4.386458 1.800000 -1
-3.953125 3.662500 -1
-4.477083 2.740625 -1
-1.672917 2.430208 -1
-1.019792 0.228125 -1
-2.185417 0.845833 -1
-2.387500 2.134375 -1
-3.981250 4.259375 -1
-3.048958 4.884375 -1
-3.746875 0.815625 -1
-4.514583 4.420833 -1
-4.978125 0.779167 -1
-2.953125 2.501042 -1
-2.447917 0.084375 -1
-2.145833 4.268750 -1
-3.747917 1.623958 -1
-4.876042 3.287500 -1
-1.920833 0.895833 -1
-1.382292 4.106250 -1
-1.741667 1.636458 -1
-1.241667 3.589583 -1
-1.200000 3.945833 -1
-4.288542 2.814583 -1
-4.762500 1.670833 -1
-2.450000 3.056250 -1
-3.402083 0.423958 -1
-3.233333 3.414583 -1
-4.692708 4.847917 -1
-1.002083 1.960417 -1
-3.332292 2.385417 -1
-3.933333 2.940625 -1
-4.021875 0.175000 -1
-1.531250 4.918750 -1
-4.579167 0.597917 -1
-1.732292 1.735417 -1
-3.412500 1.494792 -1
-3.406250 1.382292 -1
-4.102083 3.722917 -1
-2.305208 2.078125 -1
-4.738542 0.707292 -1
-4.121875 0.062500 -1
-2.498958 4.557292 -1
-1.855208 0.831250 -1
-4.809375 0.788542 -1
-1.638542 3.831250 -1
-3.831250 3.169792 -1
-1.617708 1.277083 -1
-1.635417 1.216667 -1
-3.012500 0.047917 -1
-2.711458 4.285417 -1
-4.296875 4.680208 -1
-3.009375 1.602083 -1
-4.626042 2.747917 -1
-3.587500 2.165625 -1
-2.925000 2.142708 -1
-4.193750 3.290625 -1
-1.700000 3.915625 -1
-4.121875 4.376042 -1
-2.570833 3.628125 -1
-3.207292 4.268750 -1
-1.797917 2.691667 -1
-3.908333 1.426042 -1
-4.215625 4.486458 -1
-2.034375 1.588542 -1
-2.203125 0.291667 -1
-4.522917 3.658333 -1
-2.457292 0.314583 -1
-3.606250 0.367708 -1
-1.300000 0.594792 -1
-4.743750 3.871875 -1
-4.222917 0.817708 -1
-1.007292 3.888542 -1
-1.377083 4.420833 -1
-2.639583 4.427083 -1
-3.882292 0.900000 -1
-2.067708 1.085417 -1
-4.058333 4.457292 -1
-4.743750 1.516667 -1
-4.771875 3.411458 -1
-3.901042 1.244792 -1
-3.779167 0.202083 -1
-4.707292 1.389583 -1
-1.940625 3.930208 -1
-2.208333 2.947917 -1
-1.737500 1.084375 -1
-1.012500 2.243750 -1
-3.378125 1.796875 -1
-4.784375 0.127083 -1
-1.212500 4.622917 -1
-4.176042 3.823958 -1
-4.006250 1.815625 -1
-0.271875 0.783333 -1
-4.565625 0.346875 -1
-1.598958 3.117708 -1
-3.932292 1.835417 -1
-1.859375 3.537500 -1
-3.647917 2.031250 -1
-2.536458 1.300000 -1
2.158333 -3.101042 -1
1.018750 -1.237500 -1
2.723958 -3.062500 -1
0.061458 -1.730208 -1
4.878125 -0.164583 -1
2.504167 -0.805208 -1
1.913542 -1.347917 -1
1.440625 -0.052083 -1
2.131250 -3.872917 -1
0.400000 -3.730208 -1
1.990625 -2.198958 -1
3.432292 -1.717708 -1
3.603125 -4.218750 -1
2.457292 -2.252083 -1
1.250000 -4.993750 -1
3.552083 -1.275000 -1
3.094792 -2.437500 -1
2.513542 -3.685417 -1
0.500000 -0.441667 -1
3.282292 -3.244792 -1
3.472917 -0.787500 -1
4.051042 -0.386458 -1
0.002083 -3.358333 -1
3.306250 -2.133333 -1
0.097917 -3.706250 -1
3.731250 -4.955208 -1
0.905208 -2.163542 -1
1.672917 -2.376042 -1
4.250000 -4.130208 -1
4.628125 -3.366667 -1
1.991667 -3.180208 -1
4.642708 -0.086458 -1
0.617708 -0.022917 -1
1.639583 -3.985417 -1
0.464583 -4.921875 -1
2.230208 -3.938542 -1
3.576042 -4.147917 -1
4.325000 -3.578125 -1
0.372917 -0.497917 -1
0.712500 -0.470833 -1
4.204167 -2.310417 -1
0.427083 -2.977083 -1
2.340625 -4.966667 -1
0.353125 -4.457292 -1
1.964583 -4.981250 -1
2.825000 -3.956250 -1
1.028125 -0.334375 -1
1.909375 -4.512500 -1
0.357292 -3.548958 -1
3.497917 -0.821875 -1
3.471875 -3.595833 -1
2.627083 -2.047917 -1
2.743750 -4.819792 -1
3.493750 -3.117708 -1
0.317708 -2.072917 -1
3.588542 -4.522917 -1
4.383333 -1.882292 -1
0.366667 -4.590625 -1
4.716667 -0.719792 -1
4.048958 -4.547917 -1
3.567708 -4.740625 -1
1.370833 -2.462500 -1
2.941667 -3.280208 -1
4.841667 -3.298958 -1
4.696875 -3.340625 -1
1.987500 -1.035417 -1
1.936458 -4.615625 -1
0.950000 -2.546875 -1
4.435417 -4.443750 -1
0.664583 -4.753125 -1
1.516667 -2.120833 -1
2.142708 -3.766667 -1
1.869792 -2.509375 -1
3.358333 -4.453125 -1
1.095833 -0.273958 -1
4.001042 -2.530208 -1
0.014583 -0.371875 -1
4.992708 -2.956250 -1
1.519792 -2.702083 -1
4.121875 -1.216667 -1
3.909375 -1.109375 -1
2.252083 -3.712500 -1
3.591667 -1.068750 -1
1.259375 -3.027083 -1
0.513542 -1.925000 -1
0.647917 -4.896875 -1
1.912500 -2.790625 -1
3.664583 -3.782292 -1
3.167708 -2.022917 -1
3.236458 -4.263542 -1
0.163542 -0.104167 -1
4.661458 -0.178125 -1
0.477083 -2.520833 -1
1.001042 -1.996875 -1
0.222917 -0.122917 -1
1.080208 -4.132292 -1
4.098958 -3.332292 -1
2.844792 -2.691667 -1
2.267708 -4.105208 -1
3.585417 -2.781250 -1
3.896875 -2.100000 -1
2.679167 -0.809375 -1
2.758333 -4.210417 -1
2.458333 -0.926042 -1
4.100000 -3.561458 -1
3.056250 -4.263542 -1
1.533333 -2.717708 -1
2.308333 -2.010417 -1
0.239583 -3.309375 -1
1.873958 -0.462500 -1
1.298958 -2.954167 -1
4.595833 -0.397917 -1
4.153125 -0.307292 -1
0.956250 -1.420833 -1
4.412500 -2.409375 -1
2.069792 -1.176042 -1
4.509375 -4.748958 -1
4.852083 -2.267708 -1
1.826042 -0.178125 -1
1.060417 -0.926042 -1
3.739583 -4.117708 -1
0.189583 -0.272917 -1
1.835417 -2.497917 -1
0.150000 -4.941667 -1
3.673958 -2.023958 -1
0.405208 -4.972917 -1
2.844792 -2.867708 -1
3.237500 -1.997917 -1
3.175000 -2.061458 -1
3.419792 -0.455208 -1
2.337500 -0.489583 -1
4.497917 -4.713542 -1
3.105208 -4.351042 -1
4.848958 -2.797917 -1
4.529167 -0.909375 -1
3.723958 -1.135417 -1
0.027083 -1.780208 -1
4.276042 -4.730208 -1
2.144792 -4.426042 -1
4.671875 -0.818750 -1
4.317708 -2.943750 -1
3.658333 -2.162500 -1
3.678125 -4.762500 -1
4.161458 -4.720833 -1
1.823958 -0.447917 -1
3.042708 -4.161458 -1
3.804167 -2.540625 -1
3.876042 -4.776042 -1
1.891667 -3.725000 -1
2.573958 -1.420833 -1
2.501042 -1.297917 -1
0.423958 -0.395833 -1
0.944792 -4.700000 -1
0.126042 -3.089583 -1
1.992708 -2.664583 -1
1.775000 -1.310417 -1
3.476042 -0.433333 -1
1.340625 -2.154167 -1
0.195833 -3.368750 -1
4.741667 -4.887500 -1
3.816667 -2.784375 -1
1.915625 -2.620833 -1
3.192708 -0.791667 -1
0.263542 -0.084375 -1
2.383333 -2.837500 -1
4.372917 -4.885417 -1
4.135417 -4.796875 -1
0.281250 -0.080208 -1
4.496875 -3.273958 -1
1.036458 -4.356250 -1
3.805208 -2.811458 -1
0.667708 -2.281250 -1
1.111458 -2.008333 -1
2.303125 -4.173958 -1
0.377083 -4.911458 -1
4.061458 -2.060417 -1
0.563542 -0.978125 -1
2.547917 -3.756250 -1
4.636458 -2.811458 -1
1.707292 -4.887500 -1
0.648958 -1.080208 -1
2.639583 -2.651042 -1
3.743750 -0.787500 -1
0.597917 -1.107292 -1
4.061458 -4.501042 -1
0.464583 -0.733333 -1
2.312500 -3.998958 -1
0.882292 -1.290625 -1
1.007292 -1.052083 -1
0.464583 -4.251042 -1
0.963542 -2.393750 -1
4.178125 -1.527083 -1
1.238542 -4.592708 -1
3.150000 -0.875000 -1
2.404167 -4.858333 -1
3.629167 -0.919792 -1
3.805208 -1.268750 -1
1.437500 -2.550000 -1
2.056250 -4.902083 -1
1.523958 -3.984375 -1
4.403125 -1.988542 -1
4.718750 -1.715625 -1
3.854167 -3.467708 -1
0.872917 -4.861458 -1
4.519792 -1.337500 -1
1.979167 -3.350000 -1
3.731250 -4.023958 -1
2.744792 -2.836458 -1
3.616667 -0.894792 -1
3.712500 -3.887500 -1
3.619792 -0.208333 -1
2.673958 -2.426042 -1
1.478125 -4.111458 -1
2.842708 -1.401042 -1
1.880208 -4.366667 -1
0.386458 -1.283333 -1
4.222917 -2.971875 -1
0.865625 -3.077083 -1
1.439583 -1.738542 -1
0.806250 -3.826042 -1
0.943750 -0.652083 -1
2.176042 -2.541667 -1
2.543750 -4.920833 -1
0.379167 -1.160417 -1
3.683333 -1.958333 -1
2.915625 -2.303125 -1
2.166667 -3.456250 -1
2.595833 -3.644792 -1
2.568750 -0.438542 -1
0.046875 -2.315625 -1
2.672917 -3.300000 -1
3.600000 -4.762500 -1
1.271875 -4.465625 -1
0.706250 -0.578125 -1
4.071875 -4.379167 -1
4.404167 -0.015625 -1
0.032292 -1.580208 -1
2.557292 -2.576042 -1
4.368750 -2.936458 -1
1.603125 -3.052083 -1
4.894792 -2.385417 -1
3.221875 -2.062500 -1
0.842708 -0.818750 -1
3.573958 -1.278125 -1
4.123958 -1.487500 -1
3.593750 -1.796875 -1
4.787500 -2.193750 -1
4.426042 -3.926042 -1
4.527083 -0.133333 -1
4.504167 -3.598958 -1
4.512500 -3.908333 -1
1.481250 -2.411458 -1
3.356250 -4.038542 -1
2.854167 -0.591667 -1
1.976042 -4.458333 -1
1.510417 -4.737500 -1
4.710417 -4.732292 -1
4.666667 -0.553125 -1
3.417708 -3.241667 -1
1.831250 -2.542708 -1
4.729167 -3.292708 -1
2.206250 -2.384375 -1
3.353125 -4.500000 -1
1.310417 -2.880208 -1
4.633333 -0.815625 -1
4.345833 -2.012500 -1
2.590625 -0.827083 -1
4.425000 -3.813542 -1
4.866667 -2.279167 -1
4.405208 -4.709375 -1
4.604167 -0.915625 -1
2.313542 -4.315625 -1
3.515625 -1.981250 -1
2.735417 -4.800000 -1
0.222917 -2.434375 -1
0.209375 -2.818750 -1
0.727083 -2.416667 -1
0.203125 -4.080208 -1
1.916667 -4.381250 -1
4.828125 -4.416667 -1
0.196875 -4.173958 -1
1.429167 -0.654167 -1
2.868750 -3.720833 -1
4.468750 -0.602083 -1
1.001042 -1.740625 -1
3.178125 -0.605208 -1
0.523958 -0.491667 -1
2.787500 -4.039583 -1
2.472917 -0.523958 -1
1.706250 -0.562500 -1
2.958333 -1.916667 -1
1.248958 -1.552083 -1
2.200000 -4.318750 -1
0.632292 -1.983333 -1
3.700000 -0.460417 -1
1.400000 -1.763542 -1
2.502083 -0.695833 -1
2.418750 -3.237500 -1
4.417708 -4.754167 -1
3.839583 -0.418750 -1
1.494792 -2.017708 -1
3.890625 -2.018750 -1
2.509375 -4.545833 -1
3.925000 -2.850000 -1
0.069792 -0.632292 -1
3.412500 -0.894792 -1
2.548958 -4.661458 -1
2.446875 -4.748958 -1
3.981250 -0.945833 -1
1.732292 -0.547917 -1
1.407292 -0.998958 -1
2.312500 -1.776042 -1
1.694792 -4.731250 -1
0.013542 -1.112500 -1
2.352083 -1.719792 -1
4.397917 -3.846875 -1
3.737500 -1.156250 -1
0.866667 -4.113542 -1
0.702083 -4.791667 -1
1.963542 -3.638542 -1
3.290625 -0.377083 -1
2.400000 -0.839583 -1
2.905208 -4.846875 -1
3.455208 -4.753125 -1
0.792708 -3.054167 -1
0.302083 -0.066667 -1
4.053125 -2.614583 -1
4.709375 -3.615625 -1
0.212500 -2.589583 -1
4.728125 -2.564583 -1
4.309375 -1.993750 -1
4.278125 -3.046875 -1
3.150000 -0.144792 -1
0.028125 -1.718750 -1
2.804167 -1.991667 -1
0.357292 -3.961458 -1
0.235417 -2.757292 -1
2.668750 -3.141667 -1
0.470833 -1.123958 -1
2.894792 -4.130208 -1
2.045833 -1.063542 -1
4.197917 -1.098958 -1
3.678125 -1.773958 -1
4.714583 -1.757292 -1
4.364583 -2.310417 -1
2.188542 -1.540625 -1
4.304167 -1.467708 -1
4.588542 -0.320833 -1
4.479167 -4.616667 -1
2.039583 -0.150000 -1
4.475000 -0.263542 -1
4.112500 -4.711458 -1
3.020833 -1.781250 -1
2.853125 -1.358333 -1
0.771875 -3.614583 -1
0.488542 -2.817708 -1
2.545833 -2.553125 -1
1.784375 -1.223958 -1
4.328125 -4.365625 -1
0.848958 -1.559375 -1
4.542708 -0.904167 -1
3.100000 -1.713542 -1
2.371875 -0.555208 -1
2.034375 -4.718750 -1
3.038542 -1.940625 -1
2.735417 -2.514583 -1
2.204167 -1.847917 -1
2.226042 -3.091667 -1
1.495833 -2.945833 -1
4.450000 -0.135417 -1
4.427083 -4.939583 -1
0.819792 -1.972917 -1
2.492708 -0.470833 -1
1.064583 -4.687500 -1
4.837500 -4.780208 -1
1.246875 -2.246875 -1
0.684375 -2.214583 -1
3.961458 -0.923958 -1
2.769792 -3.862500 -1
3.509375 -0.809375 -1
0.804167 -1.244792 -1
1.190625 -3.008333 -1
0.960417 -3.416667 -1
3.967708 -0.322917 -1
4.229167 -3.417708 -1
0.458333 -1.522917 -1
1.223958 -4.145833 -1
1.363542 -1.584375 -1
4.616667 -0.294792 -1
1.271875 -2.320833 -1
0.075000 -0.386458 -1
4.568750 -3.626042 -1
2.601042 -3.530208 -1
4.550000 -0.370833 -1
0.259375 -0.926042 -1
4.046875 -1.063542 -1
2.171875 -0.237500 -1
1.939583 -0.998958 -1
3.654167 -0.907292 -1
1.321875 -0.750000 -1
2.191667 -4.647917 -1
0.140625 -3.416667 -1
3.793750 -1.504167 -1
0.001042 -1.277083 -1
4.665625 -1.272917 -1
3.598958 -4.740625 -1
1.659375 -1.034375 -1
1.233333 -2.127083 -1
2.431250 -0.784375 -1
2.498958 -2.690625 -1
4.577083 -1.545833 -1
3.755208 -1.748958 -1
1.784375 -3.561458 -1
0.614583 -3.305208 -1
4.468750 -1.937500 -1
1.922917 -1.660417 -1
1.585417 -4.930208 -1
0.077083 -3.245833 -1
4.301042 -2.944792 -1
2.389583 -3.966667 -1
4.218750 -0.988542 -1
1.573958 -3.744792 -1
4.889583 -2.807292 -1
3.739583 -2.320833 -1
1.458333 -1.238542 -1
2.879167 -1.036458 -1
0.651042 -4.501042 -1
0.652083 -0.302083 -1
3.062500 -1.267708 -1
1.475000 -2.531250 -1
3.205208 -3.397917 -1
2.058333 -2.657292 -1
1.194792 -0.003125 -1
3.769792 -0.495833 -1
2.947917 -1.159375 -1
4.462500 -2.166667 -1
0.015625 -1.036458 -1
3.779167 -4.905208 -1
3.843750 -2.518750 -1
0.093750 -0.303125 -1
1.623958 -2.972917 -1
1.339583 -0.141667 -1
2.473958 -4.858333 -1
0.444792 -0.536458 -1
1.126042 -1.919792 -1
0.934375 -2.197917 -1
3.184375 -0.859375 -1
4.855208 -4.379167 -1
0.862500 -1.491667 -1
4.875000 -3.811458 -1
2.652083 -2.204167 -1
3.844792 -0.534375 -1
3.240625 -0.490625 -1
3.306250 -4.951042 -1
3.009375 -3.400000 -1
3.120833 -2.500000 -1
4.239583 -2.327083 -1
2.642708 -4.580208 -1
2.186458 -3.087500 -1
2.983333 -3.312500 -1
2.873958 -3.917708 -1
0.511458 -1.058333 -1
4.778125 -3.233333 -1
3.304167 -3.507292 -1
4.726042 -3.179167 -1
2.318750 -0.244792 -1
3.250000 -1.164583 -1
0.779167 -4.357292 -1
1.655208 -1.952083 -1
4.308333 -2.532292 -1
0.353125 -2.430208 -1
0.032292 -4.592708 -1
2.623958 -0.541667 -1
2.040625 -4.810417 -1
3.629167 -0.023958 -1
3.123958 -4.369792 -1
1.809375 -3.635417 -1
0.428125 -4.454167 -1
4.735417 -3.732292 -1
2.961458 -4.461458 -1
4.778125 -0.281250 -1
2.572917 -0.894792 -1
1.445833 -1.218750 -1
0.252083 -0.967708 -1
3.171875 -2.428125 -1
3.500000 -1.391667 -1
2.725000 -1.400000 -1
3.851042 -0.348958 -1
1.941667 -0.891667 -1
0.160417 -3.438542 -1
0.916667 -3.284375 -1
2.808333 -2.726042 -1
4.786458 -1.104167 -1
2.180208 -2.388542 -1
2.703125 -0.141667 -1
1.851042 -2.482292 -1
3.289583 -2.290625 -1
3.377083 -2.602083 -1
3.510417 -1.496875 -1
3.570833 -4.548958 -1
3.925000 -4.937500 -1
0.940625 -1.650000 -1
4.204167 -4.791667 -1
1.998958 -1.146875 -1
0.684375 -2.159375 -1
2.452083 -4.467708 -1
3.310417 -0.260417 -1
0.060417 -0.963542 -1
1.364583 -2.240625 -1
3.353125 -4.068750 -1
0.248958 -3.070833 -1
4.417708 -3.539583 -1
0.361458 -0.661458 -1
1.141667 -1.738542 -1
2.158333 -2.579167 -1
4.154167 -3.950000 -1
0.384375 -0.094792 -1
0.600000 -4.588542 -1
2.754167 -0.466667 -1
3.602083 -1.305208 -1
2.626042 -1.054167 -1
0.772917 -3.804167 -1
1.315625 -0.833333 -1
4.767708 -0.546875 -1
0.940625 -3.120833 -1
4.615625 -4.056250 -1
4.058333 -1.900000 -1
0.462500 -4.420833 -1
2.562500 -4.471875 -1
4.026042 -2.587500 -1
2.051042 -3.181250 -1
1.538542 -2.435417 -1
1.142708 -0.005208 -1
4.891667 -3.896875 -1
0.471875 -3.493750 -1
0.202083 -0.965625 -1
4.548958 -3.841667 -1
4.769792 -3.731250 -1
2.541667 -2.404167 -1
4.278125 -3.482292 -1
0.526042 -3.894792 -1
0.406250 -4.584375 -1
3.661458 -0.868750 -1
1.871875 -1.223958 -1
0.340625 -3.765625 -1
3.812500 -2.392708 -1
1.946875 -3.217708 -1
2.694792 -0.956250 -1
3.222917 -0.453125 -1
2.720833 -3.695833 -1
3.947917 -0.789583 -1
4.661458 -3.496875 -1
4.632292 -2.297917 -1
2.228125 -2.173958 -1
4.702083 -1.506250 -1
3.523958 -0.228125 -1
3.267708 -3.930208 -1
2.680208 -4.796875 -1
4.798958 -2.418750 -1
1.020833 -3.007292 -1
1.184375 -2.700000 -1
3.266667 -0.997917 -1
3.784375 -3.828125 -1
4.821875 -2.008333 -1
4.282292 -2.542708 -1
3.570833 -3.230208 -1
3.332292 -3.232292 -1
4.593750 -0.831250 -1
0.530208 -4.688542 -1
3.006250 -0.232292 -1
4.061458 -4.396875 -1
3.328125 -0.196875 -1
1.193750 -3.875000 -1
4.993750 -3.859375 -1
4.160417 -1.014583 -1
1.866667 -3.212500 -1
1.582292 -0.133333 -1
2.077083 -0.366667 -1
3.962500 -1.898958 -1
0.241667 -3.244792 -1
2.308333 -3.812500 -1
4.341667 -0.641667 -1
4.911458 -3.935417 -1
1.472917 -3.308333 -1
3.623958 -2.345833 -1
3.541667 -2.685417 -1
4.609375 -4.736458 -1
2.882292 -0.803125 -1
1.478125 -0.742708 -1
4.663542 -3.505208 -1
1.758333 -1.530208 -1
1.717708 -1.207292 -1
4.531250 -3.795833 -1
1.573958 -3.493750 -1
3.561458 -1.816667 -1
4.605208 -0.870833 -1
3.495833 -3.946875 -1
4.379167 -3.408333 -1
0.748958 -3.718750 -1
1.716667 -4.372917 -1
1.065625 -3.125000 -1
4.925000 -0.675000 -1
0.728125 -0.675000 -1
4.345833 -2.206250 -1
1.417708 -4.009375 -1
0.712500 -1.042708 -1
3.406250 -0.296875 -1
2.250000 -2.937500 -1
1.959375 -1.691667 -1
4.297917 -0.521875 -1
1.375000 -3.903125 -1
4.259375 -2.737500 -1
0.716667 -1.505208 -1
1.145833 -1.465625 -1
0.223958 -2.863542 -1
3.705208 -4.156250 -1
3.855208 -1.497917 -1
2.698958 -4.584375 -1
2.172917 -2.044792 -1
4.657292 -1.457292 -1
3.920833 -0.369792 -1
0.367708 -2.327083 -1
0.667708 -0.484375 -1
0.265625 -0.493750 -1
0.042708 -2.430208 -1
1.015625 -4.284375 -1
1.334375 -3.141667 -1
2.022917 -4.917708 -1
4.646875 -3.168750 -1
1.384375 -2.738542 -1
3.898958 -2.956250 -1
1.894792 -2.755208 -1
4.454167 -4.593750 -1
0.206250 -4.493750 -1
4.505208 -4.863542 -1
3.818750 -3.426042 -1
3.101042 -4.186458 -1
0.754167 -3.768750 -1
2.537500 -3.886458 -1
2.129167 -2.581250 -1
1.316667 -3.145833 -1
1.865625 -0.517708 -1
4.154167 -3.888542 -1
3.303125 -3.802083 -1
4.925000 -4.687500 -1
1.540625 -3.823958 -1
0.510417 -1.302083 -1
4.445833 -4.965625 -1
0.896875 -4.652083 -1
2.326042 -3.268750 -1
4.516667 -1.144792 -1
1.695833 -2.617708 -1
3.197917 -2.450000 -1
4.253125 -0.736458 -1
4.203125 -1.382292 -1
1.184375 -3.386458 -1
2.394792 -3.050000 -1
3.905208 -1.550000 -1
4.806250 -0.075000 -1
0.352083 -4.731250 -1
4.762500 -4.759375 -1
3.555208 -3.139583 -1
1.061458 -3.002083 -1
3.105208 -4.825000 -1
0.520833 -0.432292 -1
3.094792 -0.037500 -1
4.443750 -2.657292 -1
2.655208 -2.642708 -1
2.973958 -4.775000 -1
3.379167 -2.177083 -1
1.158333 -4.563542 -1
0.563542 -3.553125 -1
0.480208 -2.335417 -1
0.103125 -0.286458 -1
2.410417 -3.321875 -1
0.017708 -0.039583 -1
3.081250 -1.440625 -1
3.180208 -2.010417 -1
2.309375 -4.152083 -1
1.835417 -2.830208 -1
2.451042 -2.796875 -1
0.735417 -1.895833 -1
0.454167 -3.390625 -1
2.405208 -3.428125 -1
1.033333 -3.651042 -1
3.471875 -2.191667 -1
3.214583 -4.036458 -1
3.611458 -1.561458 -1
4.238542 -1.582292 -1
4.715625 -4.516667 -1
4.904167 -4.733333 -1
4.556250 -0.853125 -1
4.040625 -0.603125 -1
0.730208 -1.350000 -1
2.622917 -0.432292 -1
2.047917 -0.073958 -1
3.230208 -2.783333 -1
4.836458 -1.551042 -1
4.040625 -2.241667 -1
4.980208 -0.073958 -1
0.892708 -3.452083 -1
0.132292 -1.973958 -1
0.355208 -3.744792 -1
3.536458 -2.461458 -1
3.193750 -3.252083 -1
1.978125 -0.964583 -1
0.852083 -4.401042 -1
4.684375 -2.760417 -1
0.005208 -0.414583 -1
1.977083 -2.628125 -1
0.847917 -4.025000 -1
0.568750 -1.944792 -1
4.675000 -0.406250 -1
3.495833 -3.716667 -1
2.647917 -1.342708 -1
3.790625 -3.541667 -1
4.795833 -1.790625 -1
3.382292 -3.017708 -1
3.402083 -1.918750 -1
0.479167 -1.595833 -1
3.037500 -2.457292 -1
2.560417 -1.757292 -1
1.859375 -0.112500 -1
4.517708 -4.731250 -1
0.527083 -1.494792 -1
2.359375 -4.241667 -1
0.520833 -0.794792 -1
1.186458 -0.195833 -1
1.201042 -4.683333 -1
1.779167 -1.716667 -1
1.026042 -3.437500 -1
0.258333 -3.688542 -1
0.228125 -1.507292 -1
1.707292 -3.630208 -1
3.427083 -0.053125 -1
3.092708 -4.331250 -1
2.511458 -3.519792 -1
1.088542 -2.237500 -1
3.632292 -0.606250 -1
1.968750 -2.027083 -1
4.968750 -2.194792 -1
1.268750 -0.489583 -1
2.989583 -2.456250 -1
3.552083 -2.058333 -1
0.006250 -3.198958 -1
3.775000 -1.032292 -1
1.636458 -1.900000 -1
2.588542 -1.864583 -1
3.407292 -2.162500 -1
3.361458 -4.701042 -1
2.215625 -1.454167 -1
4.033333 -2.593750 -1
2.840625 -0.121875 -1
4.831250 -1.473958 -1
3.595833 -4.666667 -1
3.501042 -3.564583 -1
1.861458 -4.769792 -1
1.920833 -2.718750 -1
0.092708 -3.339583 -1
4.777083 -0.098958 -1
1.538542 -1.418750 -1
3.998958 -3.175000 -1
3.318750 -4.454167 -1
2.906250 -1.726042 -1
1.616667 -1.267708 -1
1.428125 -1.698958 -1
0.588542 -3.328125 -1
4.293750 -3.430208 -1
3.450000 -1.991667 -1
2.770833 -4.912500 -1
1.659375 -4.138542 -1
3.477083 -1.387500 -1
3.908333 -0.397917 -1
1.972917 -1.868750 -1
1.605208 -1.750000 -1
4.834375 -3.143750 -1
1.035417 -3.833333 -1
1.319792 -4.354167 -1
3.287500 -4.226042 -1
3.947917 -2.770833 -1
3.361458 -0.376042 -1
4.470833 -3.950000 -1
3.704167 -3.764583 -1
0.246875 -0.020833 -1
0.756250 -3.017708 -1
4.934375 -0.282292 -1
0.022917 -1.278125 -1
4.537500 -3.932292 -1
4.543750 -1.510417 -1
3.667708 -1.148958 -1
1.128125 -3.502083 -1
4.292708 -2.163542 -1
2.336458 -3.479167 -1
1.518750 -3.490625 -1
2.706250 -0.466667 -1
1.262500 -3.934375 -1
3.709375 -0.733333 -1
0.751042 -0.280208 -1
2.364583 -0.998958 -1
3.167708 -0.987500 -1
1.883333 -3.102083 -1
4.137500 -1.907292 -1
2.247917 -3.675000 -1
3.706250 -1.791667 -1
0.185417 -2.373958 -1
2.940625 -1.313542 -1
3.742708 -0.100000 -1
3.478125 -3.945833 -1
3.580208 -2.863542 -1
2.437500 -4.153125 -1
3.330208 -1.566667 -1
3.087500 -4.906250 -1
0.166667 -1.705208 -1
0.186458 -0.397917 -1
2.704167 -3.354167 -1
1.385417 -2.455208 -1
4.323958 -3.389583 -1
4.362500 -1.571875 -1
2.064583 -0.935417 -1
3.363542 -0.117708 -1
1.176042 -4.170833 -1
1.431250 -4.918750 -1
2.137500 -2.776042 -1
3.865625 -0.717708 -1
0.639583 -4.169792 -1
2.737500 -3.969792 -1
3.603125 -3.691667 -1
3.876042 -3.769792 -1
0.397917 -1.929167 -1
2.034375 -0.968750 -1
3.151042 -3.419792 -1
3.423958 -2.475000 -1
4.677083 -0.653125 -1
1.913542 -1.741667 -1
1.588542 -3.143750 -1
1.859375 -2.764583 -1
2.314583 -1.158333 -1
0.551042 -4.452083 -1
3.934375 -2.283333 -1
3.037500 -4.575000 -1
1.453125 -0.775000 -1
1.411458 -0.056250 -1
2.334375 -3.155208 -1
1.692708 -2.732292 -1
2.951042 -3.727083 -1
3.701042 -1.102083 -1
0.013542 -4.992708 -1
3.577083 -4.690625 -1
0.645833 -3.357292 -1
4.300000 -2.235417 -1
1.501042 -4.026042 -1
2.866667 -3.815625 -1
0.184375 -1.284375 -1
1.135417 -1.986458 -1
3.567708 -2.039583 -1
4.428125 -0.020833 -1
0.681250 -0.839583 -1
2.943750 -3.015625 -1
3.994792 -2.503125 -1
3.614583 -1.946875 -1
4.096875 -2.316667 -1
0.915625 -4.111458 -1
0.176042 -2.360417 -1
1.668750 -0.821875 -1
0.717708 -3.835417 -1
0.923958 -2.219792 -1
2.862500 -1.658333 -1
3.902083 -0.913542 -1
2.942708 -2.904167 -1
0.766667 -1.511458 -1
4.943750 -0.194792 -1
4.398958 -0.626042 -1
1.035417 -0.210417 -1
3.641667 -2.896875 -1
2.713542 -2.257292 -1
2.710417 -4.678125 -1
2.440625 -3.627083 -1
3.789583 -2.616667 -1
3.854167 -3.325000 -1
1.305208 -4.571875 -1
2.161458 -2.230208 -1
4.658333 -2.890625 -1
1.755208 -3.561458 -1
3.804167 -4.697917 -1
1.465625 -2.438542 -1
4.076042 -4.277083 -1
2.633333 -3.476042 -1
4.903125 -1.535417 -1
1.553125 -1.411458 -1
2.300000 -2.133333 -1
3.668750 -0.010417 -1
1.811458 -3.976042 -1
1.504167 -3.467708 -1
4.459375 -3.225000 -1
1.793750 -0.765625 -1
2.797917 -3.955208 -1
0.862500 -2.456250 -1
4.712500 -2.617708 -1
3.884375 -1.383333 -1
0.182292 -3.217708 -1
3.821875 -2.126042 -1
2.494792 -1.456250 -1
3.468750 -2.397917 -1
2.991667 -0.021875 -1
3.809375 -3.158333 -1
2.155208 -0.345833 -1
3.169792 -1.834375 -1
2.188542 -2.540625 -1
0.302083 -1.648958 -1
0.766667 -2.095833 -1
0.281250 -1.431250 -1
3.917708 -4.010417 -1
1.754167 -3.630208 -1
4.494792 -0.639583 -1
0.014583 -4.677083 -1
3.857292 -3.836458 -1
1.803125 -4.218750 -1
3.159375 -0.271875 -1
4.483333 -4.018750 -1
3.160417 -1.159375 -1
2.177083 -3.183333 -1
4.371875 -3.213542 -1
0.017708 -1.561458 -1
0.755208 -0.319792 -1
3.210417 -4.388542 -1
0.283333 -1.358333 -1
0.819792 -4.201042 -1
0.368750 -0.440625 -1
0.698958 -4.863542 -1
1.080208 -3.580208 -1
4.540625 -2.804167 -1
0.283333 -4.211458 -1
4.889583 -3.443750 -1
2.350000 -4.372917 -1
0.329167 -0.511458 -1
0.533333 -2.506250 -1
1.561458 -4.905208 -1
0.720833 -1.579167 -1
1.466667 -4.342708 -1
1.898958 -2.543750 -1
1.597917 -0.048958 -1
3.902083 -0.284375 -1
2.117708 -2.137500 -1
0.725000 -2.816667 -1
2.001042 -4.672917 -1
1.396875 -4.409375 -1
2.477083 -1.680208 -1
1.487500 -2.367708 -1
2.990625 -3.837500 -1
4.607292 -3.319792 -1
2.215625 -0.140625 -1
3.693750 -3.777083 -1
2.913542 -4.414583 -1
0.356250 -2.246875 -1
1.623958 -0.122917 -1
2.658333 -1.088542 -1
3.038542 -4.427083 -1
1.372917 -0.156250 -1
1.565625 -4.964583 -1
2.972917 -3.566667 -1
4.637500 -2.236458 -1
2.976042 -2.115625 -1
1.784375 -2.330208 -1
2.350000 -2.641667 -1
1.168750 -4.823958 -1
0.962500 -1.251042 -1
4.965625 -2.522917 -1
0.029167 -0.745833 -1
4.804167 -3.252083 -1
2.992708 -1.428125 -1
1.241667 -0.651042 -1
0.383333 -4.281250 -1
0.079167 -1.756250 -1
4.437500 -4.511458 -1
1.720833 -0.278125 -1
3.078125 -1.359375 -1
0.381250 -3.921875 -1
1.341667 -0.032292 -1
1.252083 -1.558333 -1
2.675000 -0.287500 -1
1.382292 -1.504167 -1
1.539583 -4.214583 -1
4.027083 -4.435417 -1
2.827083 -3.831250 -1
2.687500 -0.820833 -1
3.126042 -1.796875 -1
4.338542 -3.509375 -1
1.078125 -2.284375 -1
3.132292 -3.382292 -1
1.795833 -4.853125 -1
1.527083 -2.741667 -1
4.079167 -1.909375 -1
4.530208 -3.287500 -1
1.941667 -0.782292 -1
2.712500 -2.483333 -1
3.937500 -1.962500 -1
3.987500 -0.477083 -1
1.177083 -0.881250 -1
4.912500 -4.005208 -1
4.712500 -0.466667 -1
2.692708 -0.705208 -1
2.263542 -4.897917 -1
4.214583 -1.208333 -1
2.183333 -0.213542 -1
2.458333 -1.845833 -1
0.067708 -3.985417 -1
4.587500 -2.013542 -1
3.761458 -1.984375 -1
3.168750 -3.570833 -1
2.767708 -0.881250 -1
1.054167 -1.705208 -1
2.843750 -2.909375 -1
0.048958 -1.888542 -1
3.790625 -2.828125 -1
3.760417 -1.370833 -1
3.294792 -1.453125 -1
2.076042 -3.426042 -1
4.217708 -4.158333 -1
2.501042 -4.267708 -1
4.371875 -4.959375 -1
1.114583 -2.306250 -1
3.945833 -3.568750 -1
2.187500 -2.707292 -1
0.554167 -0.356250 -1
1.278125 -1.188542 -1
4.104167 -0.200000 -1
0.760417 -1.948958 -1
3.109375 -0.809375 -1
1.704167 -4.766667 -1
1.504167 -0.464583 -1
1.137500 -2.665625 -1
4.784375 -1.081250 -1
1.091667 -4.002083 -1
3.106250 -3.593750 -1
3.270833 -0.344792 -1
3.553125 -2.252083 -1
0.518750 -0.365625 -1
0.820833 -2.706250 -1
3.073958 -4.241667 -1
0.929167 -2.218750 -1
0.430208 -0.033333 -1
0.285417 -1.190625 -1
4.848958 -3.394792 -1
4.866667 -1.553125 -1
1.029167 -1.370833 -1
4.884375 -2.166667 -1
1.904167 -4.668750 -1
1.114583 -2.995833 -1
1.538542 -2.087500 -1
4.456250 -2.676042 -1
2.433333 -0.877083 -1
4.928125 -0.818750 -1
1.242708 -3.615625 -1
3.525000 -2.183333 -1
2.858333 -4.454167 -1
2.269792 -1.155208 -1
2.354167 -2.555208 -1
0.213542 -2.204167 -1
3.817708 -0.080208 -1
1.623958 -4.846875 -1
4.318750 -1.509375 -1
4.880208 -1.222917 -1
4.044792 -3.862500 -1
2.085417 -0.583333 -1
0.950000 -4.409375 -1
1.126042 -1.250000 -1
0.286458 -1.054167 -1
2.068750 -4.395833 -1
2.537500 -0.593750 -1
1.580208 -0.395833 -1
2.914583 -1.716667 -1
4.417708 -0.269792 -1
4.271875 -4.631250 -1
2.473958 -3.089583 -1
2.579167 -1.964583 -1
0.803125 -4.764583 -1
3.473958 -0.684375 -1
3.854167 -2.519792 -1
4.546875 -0.939583 -1
0.969792 -0.496875 -1
0.348958 -4.963542 -1
4.614583 -3.502083 -1
1.017708 -1.683333 -1
2.898958 -1.421875 -1
0.144792 -2.345833 -1
1.817708 -0.926042 -1
4.062500 -4.103125 -1
1.195833 -3.334375 -1
3.734375 -1.536458 -1
4.291667 -1.313542 -1
3.502083 -0.094792 -1
3.944792 -4.842708 -1
3.645833 -2.798958 -1
2.362500 -3.192708 -1
3.739583 -1.200000 -1
1.557292 -1.955208 -1
1.163542 -1.171875 -1
3.325000 -0.047917 -1
0.721875 -1.223958 -1
1.470833 -3.733333 -1
3.569792 -1.155208 -1
4.660417 -0.498958 -1
0.258333 -3.722917 -1
1.700000 -1.860417 -1
0.260417 -0.991667 -1
1.040625 -1.629167 -1
3.954167 -4.986458 -1
1.471875 -0.466667 -1
2.785417 -1.702083 -1
3.660417 -4.391667 -1
0.768750 -3.084375 -1
1.347917 -4.798958 -1
2.122917 -4.672917 -1
4.846875 -0.711458 -1
3.763542 -4.184375 -1
4.445833 -0.200000 -1
3.207292 -1.972917 -1
0.698958 -1.332292 -1
0.695833 -2.398958 -1
3.192708 -3.822917 -1
1.258333 -4.234375 -1
0.452083 -3.079167 -1
4.220833 -4.791667 -1
3.545833 -2.006250 -1
4.360417 -0.072917 -1
1.398958 -0.129167 -1
3.157292 -0.613542 -1
4.928125 -3.146875 -1
3.153125 -2.641667 -1
3.859375 -1.916667 -1
4.693750 -1.171875 -1
4.983333 -2.901042 -1
3.144792 -0.682292 -1
4.233333 -3.840625 -1
0.947917 -0.293750 -1
0.531250 -2.206250 -1
4.528125 -3.850000 -1
3.152083 -3.748958 -1
3.641667 -1.698958 -1
3.621875 -0.868750 -1
4.638542 -0.020833 -1
0.997917 -0.663542 -1
0.634375 -3.792708 -1
3.810417 -3.787500 -1
4.302083 -0.536458 -1
3.570833 -1.862500 -1
1.708333 -1.420833 -1
2.630208 -2.719792 -1
2.103125 -4.730208 -1
4.428125 -0.918750 -1
0.023958 -4.959375 -1
0.991667 -4.552083 -1
3.809375 -4.144792 -1
1.167708 -0.318750 -1
3.710417 -4.790625 -1
1.187500 -3.348958 -1
2.678125 -0.053125 -1
1.879167 -1.180208 -1
1.712500 -3.557292 -1
2.834375 -3.881250 -1
4.093750 -1.406250 -1
0.743750 -3.669792 -1
2.827083 -3.373958 -1
1.389583 -2.797917 -1
3.105208 -0.817708 -1
3.716667 -0.995833 -1
3.643750 -2.575000 -1
3.415625 -0.320833 -1
1.719792 -2.450000 -1
0.639583 -3.296875 -1
2.240625 -4.693750 -1
4.513542 -2.786458 -1
2.613542 -1.392708 -1
3.966667 -4.327083 -1
4.950000 -1.801042 -1
3.208333 -4.044792 -1
1.073958 -1.819792 -1
0.581250 -1.768750 -1
0.193750 -1.970833 -1
4.566667 -1.165625 -1
0.656250 -1.150000 -1
0.029167 -4.300000 -1
3.725000 -3.444792 -1
4.620833 -3.312500 -1
0.894792 -3.127083 -1
1.609375 -1.003125 -1
2.821875 -1.122917 -1
3.789583 -0.435417 -1
0.383333 -0.622917 -1
2.629167 -0.333333 -1
2.423958 -3.705208 -1
2.244792 -3.498958 -1
0.525000 -2.826042 -1
0.267708 -3.585417 -1
4.797917 -2.701042 -1
4.752083 -0.454167 -1
3.851042 -2.647917 -1
4.754167 -0.442708 -1
1.092708 -2.242708 -1
1.621875 -4.854167 -1
-0.369792 -1.098958 -1
-3.723958 -3.191667 -1
-0.088542 -2.513542 -1
-1.494792 -0.471875 -1
-3.136458 -1.990625 -1
-0.806250 -3.428125 -1
-0.695833 -3.051042 -1
-1.927083 -1.220833 -1
-3.744792 -2.194792 -1
-4.807292 -3.542708 -1
-2.762500 -2.426042 -1
-1.863542 -1.613542 -1
-0.073958 -4.484375 -1
-4.922917 -4.033333 -1
-1.727083 -4.412500 -1
-3.887500 -2.097917 -1
-0.511458 -0.479167 -1
-3.156250 -0.600000 -1
-2.992708 -2.517708 -1
-1.072917 -3.996875 -1
-4.509375 -4.745833 -1
-0.291667 -3.071875 -1
-0.663542 -2.218750 -1
-4.293750 -4.408333 -1
-2.280208 -1.967708 -1
-2.951042 -0.042708 -1
-2.260417 -2.681250 -1
-4.522917 -0.201042 -1
-2.166667 -2.312500 -1
-4.234375 -1.760417 -1
-1.725000 -0.988542 -1
-3.858333 -0.103125 -1
-1.467708 -4.882292 -1
-0.704167 -2.328125 -1
-2.400000 -4.643750 -1
-4.191667 -4.776042 -1
-2.256250 -4.483333 -1
-2.848958 -2.919792 -1
-4.568750 -0.009375 -1
-2.329167 -1.848958 -1
-4.843750 -3.146875 -1
-4.758333 -2.104167 -1
-3.695833 -4.281250 -1
-0.171875 -0.862500 -1
-1.593750 -2.272917 -1
-2.622917 -1.186458 -1
-1.128125 -4.348958 -1
-1.289583 -0.463542 -1
-4.231250 -4.860417 -1
-2.791667 -4.497917 -1
-2.370833 -4.850000 -1
-4.275000 -4.627083 -1
-2.200000 -4.990625 -1
-0.414583 -4.635417 -1
0.000000 -0.610417 -1
-1.484375 -2.710417 -1
-3.757292 -1.242708 -1
-4.814583 -0.319792 -1
-3.390625 -2.853125 -1
-1.182292 -4.984375 -1
-0.126042 -1.672917 -1
-4.037500 -1.254167 -1
-3.888542 -0.328125 -1
-1.717708 -0.986458 -1
-3.055208 -2.376042 -1
-0.484375 -0.427083 -1
-0.092708 -2.626042 -1
-2.920833 -2.292708 -1
-0.483333 -3.335417 -1
-1.928125 -0.483333 -1
-3.945833 -1.279167 -1
-1.060417 -0.570833 -1
-0.388542 -0.875000 -1
-0.890625 -1.645833 -1
-1.594792 -4.940625 -1
-1.631250 -1.720833 -1
-4.480208 -3.535417 -1
-2.976042 -3.368750 -1
-3.863542 -2.560417 -1
-4.355208 -1.919792 -1
-4.937500 -2.706250 -1
-0.213542 -0.030208 -1
-3.200000 -3.134375 -1
-0.190625 -3.683333 -1
-1.470833 -4.985417 -1
-2.034375 -3.283333 -1
-4.132292 -3.094792 -1
-3.854167 -2.387500 -1
-1.837500 -2.612500 -1
-4.034375 -3.432292 -1
-2.553125 -3.532292 -1
-0.154167 -2.033333 -1
-2.067708 -0.996875 -1
-0.402083 -3.798958 -1
-1.423958 -2.623958 -1
-3.585417 -1.361458 -1
-0.330208 -3.798958 -1
-4.259375 -1.396875 -1
-1.933333 -2.316667 -1
-0.081250 -1.270833 -1
-0.168750 -2.115625 -1
-2.421875 -2.167708 -1
-0.210417 -1.276042 -1
-4.556250 -2.047917 -1
-1.755208 -3.590625 -1
-3.347917 -4.308333 -1
-4.989583 -3.502083 -1
-4.208333 -2.057292 -1
-2.365625 -4.610417 -1
-0.856250 -3.789583 -1
-0.101042 -4.441667 -1
-3.018750 -3.298958 -1
-1.107292 -0.144792 -1
-4.695833 -0.908333 -1
-2.461458 -2.643750 -1
-0.045833 -0.496875 -1
-4.759375 -2.467708 -1
-2.665625 -2.837500 -1
-1.611458 -0.088542 -1
-2.752083 -3.366667 -1
-3.679167 -1.100000 -1
-2.676042 -1.535417 -1
-2.468750 -1.884375 -1
-3.592708 -4.834375 -1
-4.362500 -2.316667 -1
-1.491667 -2.330208 -1
-4.625000 -4.510417 -1
-0.629167 -3.600000 -1
-4.655208 -3.192708 -1
-4.508333 -4.983333 -1
-0.836458 -4.554167 -1
-3.346875 -3.463542 -1
-2.022917 -1.012500 -1
-1.301042 -1.501042 -1
-1.101042 -4.053125 -1
-4.867708 -2.646875 -1
-0.154167 -2.543750 -1
-4.182292 -2.622917 -1
-2.295833 -0.642708 -1
-0.325000 -4.525000 -1
-0.826042 -4.683333 -1
-1.855208 -3.317708 -1
-4.193750 -0.352083 -1
-1.917708 -1.715625 -1
-3.544792 -1.426042 -1
-4.565625 -2.247917 -1
-3.847917 -2.912500 -1
-0.711458 -3.737500 -1
-1.792708 -2.012500 -1
-0.238542 -2.893750 -1
-3.933333 -0.106250 -1
-3.408333 -1.954167 -1
-0.517708 -0.457292 -1
-2.443750 -0.680208 -1
-3.966667 -2.768750 -1
-0.205208 -4.792708 -1
-2.452083 -4.927083 -1
-3.111458 -4.512500 -1
-3.145833 -2.895833 -1
-4.094792 -1.690625 -1
-4.322917 -1.527083 -1
-1.806250 -1.037500 -1
-2.307292 -2.517708 -1
-4.775000 -4.100000 -1
-2.397917 -2.880208 -1
-4.860417 -1.331250 -1
-2.986458 -3.268750 -1
-1.152083 -1.370833 -1
-1.593750 -3.595833 -1
-2.051042 -0.560417 -1
-1.365625 -0.122917 -1
-0.354167 -1.684375 -1
-2.917708 -1.332292 -1
-4.064583 -1.063542 -1
-4.228125 -1.026042 -1
-0.621875 -1.417708 -1
-2.554167 -2.428125 -1
-0.321875 -2.728125 -1
-2.812500 -0.096875 -1
-1.828125 -3.077083 -1
-2.977083 -1.688542 -1
-2.275000 -3.831250 -1
-2.825000 -3.427083 -1
-3.068750 -2.285417 -1
-2.023958 -0.120833 -1
-2.845833 -1.256250 -1
-3.110417 -1.066667 -1
-0.807292 -1.028125 -1
-2.398958 -4.871875 -1
-2.092708 -4.494792 -1
-3.765625 -0.581250 -1
-3.779167 -4.186458 -1
-3.009375 -4.102083 -1
-1.914583 -3.688542 -1
-2.065625 -3.742708 -1
-1.766667 -2.910417 -1
-3.297917 -4.041667 -1
-1.741667 -3.989583 -1
-0.336458 -2.677083 -1
-1.275000 -2.360417 -1
-2.797917 -1.988542 -1
-3.616667 -3.776042 -1
-3.055208 -2.290625 -1
-2.670833 -3.321875 -1
-0.030208 -4.763542 -1
-0.683333 -3.795833 -1
-3.211458 -4.462500 -1
-2.982292 -1.220833 -1
-1.431250 -2.763542 -1
-2.777083 -1.364583 -1
-4.372917 -4.543750 -1
-4.275000 -0.537500 -1
-1.452083 -3.883333 -1
-4.528125 -1.788542 -1
-1.560417 -3.669792 -1
-2.015625 -2.226042 -1
-0.658333 -0.632292 -1
-3.868750 -1.581250 -1
-0.790625 -1.539583 -1
-4.903125 -0.820833 -1
-4.170833 -0.586458 -1
-4.616667 -2.382292 -1
-2.915625 -0.465625 -1
-1.470833 -2.214583 -1
-1.095833 -4.247917 -1
-3.579167 -0.468750 -1
-1.658333 -0.720833 -1
-1.006250 -3.110417 -1
-2.470833 -3.401042 -1
-2.766667 -1.897917 -1
-4.938542 -4.782292 -1
-4.123958 -3.463542 -1
-3.282292 -2.992708 -1
-0.044792 -4.072917 -1
-4.533333 -2.814583 -1
-4.893750 -3.704167 -1
-1.267708 -4.510417 -1
-3.953125 -4.184375 -1
-2.842708 -0.423958 -1
-4.265625 -3.938542 -1
-4.671875 -2.844792 -1
-2.273958 -1.330208 -1
-1.432292 -3.280208 -1
-2.308333 -3.903125 -1
-4.548958 -0.075000 -1
-0.801042 -4.487500 -1
-4.857292 -2.792708 -1
-2.951042 -3.139583 -1
-3.652083 -0.863542 -1
-2.212500 -1.052083 -1
-3.678125 -2.106250 -1
-2.622917 -4.946875 -1
-4.483333 -1.577083 -1
-1.997917 -0.192708 -1
-2.001042 -1.263542 -1
-4.131250 -4.540625 -1
-1.975000 -1.405208 -1
-0.870833 -1.273958 -1
-2.553125 -3.179167 -1
-0.177083 -2.102083 -1
-1.120833 -3.844792 -1
-4.456250 -0.979167 -1
-4.504167 -0.273958 -1
-1.985417 -1.023958 -1
-4.004167 -4.198958 -1
-2.076042 -2.683333 -1
-4.171875 -4.700000 -1
-0.496875 -1.522917 -1
-4.143750 -0.361458 -1
-1.715625 -1.144792 -1
-4.491667 -3.714583 -1
-0.685417 -1.466667 -1
-2.986458 -4.423958 -1
-2.740625 -0.539583 -1
-0.469792 -0.784375 -1
-0.508333 -1.591667 -1
-2.495833 -2.831250 -1
-0.437500 -2.001042 -1
-3.106250 -2.422917 -1
-3.025000 -2.110417 -1
-1.621875 -2.967708 -1
-2.660417 -3.661458 -1
-0.534375 -1.023958 -1
-0.184375 -4.678125 -1
-1.385417 -1.900000 -1
-3.690625 -3.743750 -1
-0.614583 -4.376042 -1
-0.210417 -1.468750 -1
-1.666667 -0.817708 -1
-4.875000 -2.137500 -1
-4.468750 -0.384375 -1
-1.595833 -1.965625 -1
-1.082292 -2.033333 -1
-1.833333 -4.188542 -1
-4.456250 -2.725000 -1
-4.166667 -3.945833 -1
-0.692708 -1.827083 -1
-2.607292 -1.228125 -1
-0.718750 -2.791667 -1
-3.772917 -4.970833 -1
-4.691667 -2.463542 -1
-3.715625 -3.173958 -1
-4.707292 -1.792708 -1
-4.642708 -1.373958 -1
-2.611458 -4.517708 -1
-1.378125 -4.946875 -1
-2.768750 -0.840625 -1
-1.912500 -3.852083 -1
-2.873958 -1.612500 -1
-0.907292 -0.197917 -1
-4.337500 -0.073958 -1
-4.143750 -2.897917 -1
-4.768750 -4.617708 -1
-1.992708 -0.487500 -1
-2.409375 -0.765625 -1
-0.458333 -4.967708 -1
-3.230208 -2.040625 -1
-1.008333 -2.937500 -1
-3.834375 -3.517708 -1
-2.178125 -1.445833 -1
-0.903125 -3.557292 -1
-4.259375 -1.538542 -1
-4.397917 -4.039583 -1
-0.390625 -0.139583 -1
-0.652083 -4.165625 -1
-0.337500 -2.857292 -1
-2.106250 -2.347917 -1
-3.621875 -1.875000 -1
-1.965625 -0.614583 -1
-0.229167 -2.241667 -1
-1.380208 -3.555208 -1
-0.076042 -2.477083 -1
-0.595833 -3.952083 -1
-3.281250 -4.430208 -1
-2.469792 -0.460417 -1
-3.742708 -1.239583 -1
-1.884375 -3.003125 -1
-2.779167 -4.148958 -1
-2.042708 -1.036458 -1
-4.288542 -0.561458 -1
-0.202083 -2.492708 -1
-3.418750 -0.176042 -1
-2.707292 -2.040625 -1
-2.051042 -2.539583 -1
-0.521875 -0.147917 -1
-4.781250 -4.769792 -1
-3.703125 -2.725000 -1
-2.246875 -2.165625 -1
-4.543750 -0.529167 -1
-1.596875 -2.013542 -1
-0.989583 -3.206250 -1
-1.120833 -0.740625 -1
-1.209375 -3.900000 -1
-4.889583 -1.118750 -1
-2.803125 -4.179167 -1
-1.681250 -3.006250 -1
-4.538542 -2.966667 -1
-3.182292 -2.246875 -1
-2.875000 -3.100000 -1
-4.786458 -3.396875 -1
-1.114583 -2.435417 -1
-3.166667 -2.684375 -1
-3.027083 -3.281250 -1
-4.851042 -2.570833 -1
-1.677083 -4.314583 -1
-4.584375 -0.533333 -1
-0.387500 -3.571875 -1
-1.273958 -4.464583 -1
-2.471875 -1.163542 -1
-0.583333 -0.276042 -1
-3.209375 -0.131250 -1
-1.148958 -2.748958 -1
-0.965625 -2.197917 -1
-2.862500 -3.840625 -1
-3.164583 -2.648958 -1
-0.104167 -4.280208 -1
-0.084375 -1.138542 -1
-4.831250 -3.111458 -1
-2.286458 -4.682292 -1
-3.548958 -3.963542 -1
-1.863542 -3.134375 -1
-4.496875 -2.252083 -1
-1.706250 -0.770833 -1
-1.716667 -2.045833 -1
-4.801042 -0.166667 -1
-0.188542 -3.011458 -1
-0.298958 -1.337500 -1
-3.627083 -4.131250 -1
-1.402083 -1.489583 -1
-2.971875 -4.566667 -1
-2.005208 -0.942708 -1
-1.713542 -4.957292 -1
-4.947917 -1.545833 -1
-0.935417 -2.234375 -1
-4.094792 -4.485417 -1
-1.197917 -3.826042 -1
-0.486458 -0.694792 -1
-3.944792 -0.059375 -1
-4.332292 -0.661458 -1
-2.105208 -4.134375 -1
-3.694792 -0.160417 -1
-2.145833 -1.860417 -1
-1.497917 -3.639583 -1
-0.991667 -0.766667 -1
-2.995833 -1.830208 -1
-3.201042 -0.001042 -1
-2.773958 -4.914583 -1
-4.958333 -2.721875 -1
-4.327083 -0.894792 -1
-4.957292 -1.289583 -1
-3.246875 -1.155208 -1
-0.115625 -3.733333 -1
-4.717708 -4.060417 -1
-3.792708 -4.050000 -1
-2.588542 -3.765625 -1
-3.184375 -1.283333 -1
-3.926042 -3.196875 -1
-1.011458 -3.291667 -1
-1.836458 -2.003125 -1
-4.058333 -2.698958 -1
-3.834375 -2.259375 -1
-2.701042 -4.475000 -1
-0.041667 -0.526042 -1
-2.196875 -2.235417 -1
-1.420833 -0.020833 -1
-3.525000 -2.534375 -1
-4.043750 -1.507292 -1
-1.267708 -1.628125 -1
-3.434375 -0.061458 -1
-0.678125 -1.022917 -1
-3.827083 -1.730208 -1
-0.173958 -0.619792 -1
-4.927083 -1.185417 -1
-3.911458 -4.631250 -1
-1.055208 -2.970833 -1
-2.330208 -4.889583 -1
-3.096875 -2.897917 -1
-2.231250 -1.005208 -1
-3.425000 -4.429167 -1
-3.241667 -2.712500 -1
-2.316667 -1.766667 -1
-0.247917 -4.227083 -1
-3.275000 -1.515625 -1
-0.855208 -1.709375 -1
-4.443750 -1.534375 -1
-0.600000 -1.137500 -1
-1.131250 -3.640625 -1
-1.758333 -1.058333 -1
-2.692708 -0.669792 -1
-3.556250 -3.747917 -1
-1.507292 -3.754167 -1
-1.505208 -2.471875 -1
-1.652083 -3.736458 -1
-3.477083 -2.943750 -1
-1.032292 -1.718750 -1
-0.657292 -1.216667 -1
-1.353125 -0.905208 -1
-0.443750 -4.628125 -1
-2.420833 -1.300000 -1
-4.204167 -4.732292 -1
-0.701042 -2.670833 -1
-0.869792 -1.832292 -1
-4.178125 -2.628125 -1
-0.757292 -1.870833 -1
-1.165625 -2.181250 -1
-3.486458 -0.539583 -1
-3.802083 -4.991667 -1
-3.011458 -3.320833 -1
-1.594792 -4.356250 -1
-1.265625 -0.494792 -1
-1.075000 -1.922917 -1
-1.711458 -2.428125 -1
-2.828125 -2.155208 -1
-4.922917 -3.115625 -1
-1.321875 -1.994792 -1
-2.847917 -4.889583 -1
-4.665625 -1.585417 -1
-4.588542 -1.711458 -1
-4.213542 -0.346875 -1
-3.582292 -3.245833 -1
-0.394792 -2.068750 -1
-3.786458 -4.196875 -1
-4.927083 -1.797917 -1
-2.517708 -4.389583 -1
-1.154167 -3.783333 -1
-4.884375 -0.096875 -1
-3.572917 -4.462500 -1
-0.391667 -4.267708 -1
-4.484375 -3.182292 -1
-0.251042 -0.807292 -1
-0.177083 -0.965625 -1
-3.563542 -2.709375 -1
-2.551042 -3.153125 -1
-4.420833 -4.632292 -1
-1.366667 -0.870833 -1
-2.878125 -1.761458 -1
-2.939583 -1.664583 -1
-3.825000 -0.734375 -1
-1.330208 -4.209375 -1
-2.990625 -0.351042 -1
-0.860417 -2.875000 -1
-0.447917 -4.433333 -1
-0.204167 -3.707292 -1
-3.702083 -4.688542 -1
-1.889583 -1.819792 -1
-3.362500 -2.066667 -1
-2.785417 -1.927083 -1
-2.642708 -0.337500 -1
-2.946875 -2.064583 -1
-4.969792 -4.313542 -1
-2.935417 -2.847917 -1
-3.941667 -3.741667 -1
-2.380208 -2.766667 -1
-2.342708 -3.710417 -1
-4.842708 -0.333333 -1
-4.061458 -0.703125 -1
-1.075000 -2.377083 -1
-0.137500 -1.279167 -1
-1.084375 -1.706250 -1
-0.968750 -0.840625 -1
-3.526042 -4.331250 -1
-2.907292 -4.178125 -1
-4.125000 -0.550000 -1
-4.515625 -2.071875 -1
-0.481250 -2.352083 -1
-4.252083 -1.283333 -1
-3.067708 -3.193750 -1
-0.026042 -0.447917 -1
-3.827083 -2.368750 -1
-4.158333 -3.670833 -1
-0.569792 -1.086458 -1
-4.373958 -1.644792 -1
-1.330208 -2.378125 -1
-2.925000 -0.281250 -1
-4.084375 -3.893750 -1
-1.121875 -0.477083 -1
-1.091667 -1.895833 -1
-4.656250 -3.084375 -1
-0.313542 -2.038542 -1
-0.156250 -0.794792 -1
-4.391667 -4.409375 -1
-2.079167 -2.459375 -1
-0.469792 -4.971875 -1
-0.773958 -4.297917 -1
-0.207292 -2.798958 -1
-2.968750 -0.777083 -1
-3.885417 -0.209375 -1
-2.422917 -3.083333 -1
-2.588542 -0.347917 -1
-3.364583 -4.539583 -1
-2.108333 -2.354167 -1
-0.017708 -1.066667 -1
-4.250000 -2.540625 -1
-4.151042 -4.563542 -1
-4.579167 -2.175000 -1
-3.226042 -1.837500 -1
-1.584375 -0.305208 -1
-2.163542 -4.920833 -1
-3.143750 -2.937500 -1
-4.218750 -3.351042 -1
-0.736458 -0.054167 -1
-4.129167 -2.489583 -1
-0.264583 -1.552083 -1
-0.572917 -0.719792 -1
-4.766667 -1.804167 -1
-0.259375 -4.741667 -1
-2.025000 -3.143750 -1
-3.675000 -1.276042 -1
-0.684375 -2.827083 -1
-3.706250 -3.131250 -1
-2.868750 -1.932292 -1
-4.968750 -2.319792 -1
-0.104167 -2.133333 -1
-2.240625 -3.247917 -1
-0.070833 -4.327083 -1
-1.600000 -0.808333 -1
-4.381250 -0.729167 -1
-1.164583 -2.512500 -1
-0.147917 -4.604167 -1
-1.098958 -2.781250 -1
-1.408333 -1.359375 -1
-2.522917 -3.434375 -1
-2.369792 -4.064583 -1
-2.577083 -3.055208 -1
-4.758333 -1.283333 -1
-1.186458 -2.627083 -1
-3.216667 -4.021875 -1
-4.946875 -3.320833 -1
-1.155208 -0.055208 -1
-1.569792 -4.093750 -1
-4.382292 -3.169792 -1
-2.768750 -3.763542 -1
-1.765625 -3.933333 -1
-4.143750 -1.913542 -1
-3.537500 -0.242708 -1
-4.694792 -2.812500 -1
-4.468750 -0.084375 -1
-4.113542 -1.839583 -1
-4.148958 -1.690625 -1
-2.761458 -1.775000 -1
-2.975000 -1.814583 -1
-4.402083 -4.058333 -1
-0.836458 -2.216667 -1
-0.245833 -4.859375 -1
-2.271875 -1.815625 -1
-1.819792 -1.654167 -1
-2.852083 -2.455208 -1
-3.284375 -4.617708 -1
-1.388542 -0.294792 -1
-4.397917 -2.792708 -1
-0.538542 -1.959375 -1
-3.471875 -2.873958 -1
-2.043750 -2.586458 -1
-2.580208 -4.060417 -1
-4.277083 -0.341667 -1
-0.835417 -0.118750 -1
-0.022917 -3.104167 -1
-4.177083 -3.727083 -1
-0.320833 -4.423958 -1
-1.453125 -2.592708 -1
-4.106250 -3.272917 -1
-4.246875 -4.826042 -1
-0.728125 -0.398958 -1
-2.310417 -4.983333 -1
-0.693750 -1.709375 -1
-0.642708 -4.098958 -1
-3.668750 -4.114583 -1
-4.840625 -3.580208 -1
-1.701042 -2.420833 -1
-0.507292 -3.845833 -1
-0.630208 -4.209375 -1
-1.831250 -0.653125 -1
-2.313542 -1.009375 -1
-4.380208 -2.635417 -1
-3.300000 -0.833333 -1
-3.094792 -0.272917 -1
-1.972917 -0.209375 -1
-0.098958 -2.701042 -1
-0.608333 -2.410417 -1
-0.551042 -4.168750 -1
-1.986458 -1.193750 -1
-3.268750 -0.655208 -1
-0.309375 -3.109375 -1
-2.102083 -4.877083 -1
-0.530208 -0.476042 -1
-3.722917 -4.027083 -1
-4.685417 -0.555208 -1
-4.681250 -2.000000 -1
-4.431250 -1.928125 -1
-2.502083 -0.597917 -1
-0.629167 -0.596875 -1
-0.870833 -2.602083 -1
-3.672917 -3.837500 -1
-0.304167 -4.281250 -1
-1.247917 -0.855208 -1
-1.317708 -3.234375 -1
-4.916667 -4.586458 -1
-1.756250 -0.226042 -1
-0.562500 -1.726042 -1
-0.103125 -3.959375 -1
-2.202083 -1.693750 -1
-2.987500 -1.888542 -1
-0.115625 -0.535417 -1
-1.755208 -4.546875 -1
-2.463542 -2.123958 -1
-3.011458 -3.092708 -1
-2.720833 -3.882292 -1
-3.562500 -4.261458 -1
-0.586458 -3.866667 -1
-1.409375 -4.701042 -1
-2.588542 -2.727083 -1
-2.935417 -0.371875 -1
-0.180208 -2.559375 -1
-0.597917 -0.742708 -1
-2.152083 -3.568750 -1
-4.703125 -4.354167 -1
-0.262500 -0.557292 -1
-4.109375 -3.244792 -1
-1.092708 -0.864583 -1
-0.658333 -1.422917 -1
-2.988542 -3.669792 -1
-2.383333 -3.577083 -1
-0.418750 -0.945833 -1
-2.838542 -1.006250 -1
-4.812500 -2.114583 -1
-0.707292 -0.267708 -1
-4.842708 -1.510417 -1
-0.640625 -0.022917 -1
-1.936458 -4.105208 -1
-0.766667 -4.088542 -1
-2.673958 -3.336458 -1
-3.442708 -0.803125 -1
-1.760417 -2.553125 -1
-1.914583 -2.853125 -1
-1.284375 -2.572917 -1
-2.142708 -2.140625 -1
-1.242708 -4.526042 -1
-3.584375 -1.662500 -1
-0.471875 -4.289583 -1
-0.535417 -3.151042 -1
-1.404167 -1.242708 -1
-1.286458 -1.246875 -1
-0.619792 -4.793750 -1
-4.137500 -2.556250 -1
-3.898958 -4.904167 -1
-1.644792 -4.440625 -1
-1.107292 -2.955208 -1
-3.110417 -0.734375 -1
-3.375000 -0.026042 -1
-3.587500 -2.526042 -1
-2.598958 -3.596875 -1
-4.666667 -3.842708 -1
-3.123958 -3.251042 -1
-3.371875 -3.595833 -1
-2.540625 -3.907292 -1
-1.747917 -1.812500 -1
-3.016667 -0.901042 -1
-3.059375 -3.637500 -1
-0.694792 -2.196875 -1
-4.060417 -4.593750 -1
-4.967708 -0.706250 -1
-1.901042 -3.941667 -1
-1.528125 -0.012500 -1
-4.676042 -4.903125 -1
-2.905208 -1.130208 -1
-2.429167 -0.504167 -1
-4.728125 -4.963542 -1
-2.213542 -0.718750 -1
-1.081250 -3.452083 -1
-4.314583 -3.622917 -1
-2.359375 -3.929167 -1
-3.302083 -3.243750 -1
-4.830208 -1.361458 -1
-4.747917 -0.525000 -1
-1.426042 -3.808333 -1
-2.986458 -4.260417 -1
-2.381250 -4.887500 -1
-1.069792 -3.909375 -1
-2.766667 -0.745833 -1
-3.812500 -0.671875 -1
-4.743750 -4.109375 -1
-4.043750 -4.471875 -1
-4.072917 -1.257292 -1
-3.057292 -0.154167 -1
-4.710417 -2.371875 -1
-1.643750 -4.936458 -1
-4.168750 -4.945833 -1
-1.046875 -1.865625 -1
-4.175000 -0.794792 -1
-0.258333 -3.467708 -1
-4.604167 -3.244792 -1
-0.594792 -4.852083 -1
-0.998958 -1.664583 -1
-3.762500 -1.633333 -1
-0.278125 -0.441667 -1
-0.171875 -0.021875 -1
-4.551042 -4.215625 -1
-2.360417 -1.490625 -1
-3.340625 -0.417708 -1
-1.645833 -0.917708 -1
-0.656250 -1.156250 -1
-3.720833 -4.825000 -1
-3.969792 -4.768750 -1
-4.558333 -1.011458 -1
-3.430208 -4.816667 -1
-4.479167 -3.034375 -1
-3.061458 -2.940625 -1
-0.754167 -1.927083 -1
-4.606250 -4.516667 -1
-3.560417 -4.884375 -1
-4.958333 -3.733333 -1
-2.772917 -2.377083 -1
-0.815625 -0.133333 -1
-3.867708 -4.156250 -1
-0.551042 -3.380208 -1
-2.940625 -4.073958 -1
-2.404167 -1.662500 -1
-1.766667 -1.373958 -1
-1.431250 -1.325000 -1
-2.385417 -2.728125 -1
-1.141667 -4.731250 -1
-3.630208 -2.069792 -1
-2.671875 -4.384375 -1
-3.996875 -0.144792 -1
-3.901042 -0.425000 -1
-2.895833 -1.726042 -1
-2.025000 -0.668750 -1
-4.103125 -0.707292 -1
-0.802083 -2.971875 -1
-2.731250 -4.219792 -1
-4.218750 -0.671875 -1
-3.294792 -1.622917 -1
-2.334375 -2.928125 -1
-0.863542 -1.632292 -1
-4.253125 -3.248958 -1
-4.361458 -0.394792 -1
-0.846875 -2.991667 -1
-0.331250 -1.386458 -1
-2.376042 -4.328125 -1
-4.397917 -4.143750 -1
-2.619792 -2.294792 -1
-0.869792 -4.644792 -1
-2.963542 -4.973958 -1
-3.219792 -1.633333 -1
-0.812500 -0.951042 -1
-3.719792 -2.897917 -1
-1.622917 -4.881250 -1
-4.521875 -1.825000 -1
-2.809375 -0.385417 -1
-3.457292 -2.062500 -1
-1.502083 -0.685417 -1
-0.323958 -0.215625 -1
-1.543750 -0.655208 -1
-4.468750 -1.786458 -1
-2.851042 -3.867708 -1
-0.930208 -0.470833 -1
-1.162500 -4.667708 -1
-2.983333 -1.992708 -1
-2.508333 -1.203125 -1
-1.492708 -3.320833 -1
-2.154167 -0.213542 -1
-1.218750 -3.777083 -1
-0.094792 -3.607292 -1
-0.602083 -2.905208 -1
-1.860417 -1.927083 -1
-2.834375 -3.362500 -1
-0.479167 -3.159375 -1
-1.444792 -2.023958 -1
-3.814583 -0.914583 -1
-3.810417 -1.665625 -1
-4.782292 -2.608333 -1
-0.004167 -3.811458 -1
-2.276042 -2.987500 -1
-0.804167 -4.784375 -1
-2.057292 -2.297917 -1
-0.971875 -4.211458 -1
-0.378125 -0.057292 -1
-0.855208 -0.472917 -1
-3.665625 -4.325000 -1
-1.244792 -3.392708 -1
-4.118750 -4.080208 -1
-1.755208 -4.597917 -1
-2.239583 -3.200000 -1
-1.621875 -3.920833 -1
-4.114583 -3.300000 -1
-3.454167 -1.763542 -1
-0.908333 -3.458333 -1
-0.575000 -1.051042 -1
-4.312500 -4.246875 -1
-0.835417 -4.236458 -1
-4.411458 -4.673958 -1
-3.447917 -4.789583 -1
-4.731250 -2.169792 -1
-3.129167 -1.263542 -1
-1.494792 -4.375000 -1
-4.656250 -0.613542 -1
-3.455208 -4.278125 -1
-3.079167 -3.561458 -1
-0.345833 -4.701042 -1
-2.482292 -4.460417 -1
-0.867708 -3.803125 -1
-4.091667 -4.642708 -1
-0.128125 -4.666667 -1
-0.693750 -2.307292 -1
-1.780208 -1.529167 -1
-1.543750 -1.191667 -1
-4.069792 -2.858333 -1
-0.981250 -3.802083 -1
-0.029167 -4.111458 -1
-0.065625 -4.390625 -1
-1.353125 -2.589583 -1
-2.871875 -4.808333 -1
-1.867708 -0.951042 -1
-3.369792 -2.213542 -1
-3.518750 -3.718750 -1
-4.541667 -2.254167 -1
-0.389583 -3.633333 -1
-1.896875 -0.517708 -1
-1.166667 -2.591667 -1
-2.826042 -2.947917 -1
-1.987500 -4.369792 -1
-2.006250 -1.058333 -1
-2.229167 -0.855208 -1
-4.860417 -0.125000 -1
-4.966667 -2.792708 -1
-4.515625 -4.186458 -1
-3.248958 -0.254167 -1
-3.994792 -0.117708 -1
-1.205208 -0.231250 -1
-0.197917 -2.591667 -1
-1.816667 -2.606250 -1
-4.845833 -2.206250 -1
-4.106250 -1.742708 -1
-2.725000 -0.273958 -1
-2.201042 -3.417708 -1
-1.088542 -4.189583 -1
-2.787500 -3.094792 -1
-3.114583 -2.883333 -1
-3.950000 -0.841667 -1
-3.008333 -1.783333 -1
-3.634375 -0.391667 -1
-0.969792 -4.751042 -1
-0.645833 -2.831250 -1
-2.735417 -4.718750 -1
-3.062500 -2.933333 -1
-0.177083 -2.746875 -1
-0.540625 -2.889583 -1
-4.953125 -4.646875 -1
-2.498958 -0.544792 -1
-2.787500 -4.701042 -1
-3.962500 -1.742708 -1
-3.890625 -4.617708 -1
-4.838542 -2.005208 -1
-2.501042 -1.655208 -1
-2.846875 -3.377083 -1
-1.306250 -4.347917 -1
-1.635417 -0.142708 -1
-1.965625 -0.147917 -1
-0.841667 -4.701042 -1
-2.733333 -1.770833 -1
-2.635417 -2.910417 -1
-4.517708 -1.042708 -1
-0.800000 -4.471875 -1
-3.556250 -3.300000 -1
-2.883333 -1.344792 -1
-0.867708 -1.846875 -1
-3.087500 -4.758333 -1
-1.464583 -0.792708 -1
-4.630208 -1.832292 -1
-0.315625 -0.343750 -1
-3.076042 -4.488542 -1
-2.558333 -2.578125 -1
-4.631250 -4.525000 -1
-2.727083 -0.472917 -1
-2.092708 -0.460417 -1
-0.111458 -4.728125 -1
-1.238542 -4.629167 -1
-3.637500 -4.905208 -1
-1.967708 -2.194792 -1
-1.071875 -4.852083 -1
-1.406250 -1.939583 -1
-4.565625 -4.493750 -1
-4.564583 -3.896875 -1
-3.154167 -2.061458 -1
-3.595833 -3.469792 -1
-2.405208 -1.672917 -1
-0.825000 -2.831250 -1
-4.251042 -3.322917 -1
-0.222917 -4.844792 -1
-1.663542 -2.315625 -1
-0.306250 -1.775000 -1
-4.911458 -4.411458 -1
-1.404167 -1.415625 -1
-4.316667 -1.239583 -1
-3.610417 -0.389583 -1
-1.091667 -2.883333 -1
-2.329167 -0.657292 -1
-2.378125 -1.894792 -1
-2.420833 -3.398958 -1
-3.956250 -1.016667 -1
-4.735417 -4.229167 -1
-0.556250 -0.560417 -1
-4.927083 -4.808333 -1
-3.883333 -3.016667 -1
-2.519792 -0.546875 -1
-3.198958 -0.692708 -1
-2.321875 -0.977083 -1
-0.104167 -1.593750 -1
-2.393750 -4.421875 -1
-2.833333 -3.870833 -1
-2.678125 -1.791667 -1
-1.755208 -0.007292 -1
-0.315625 -2.000000 -1
-4.768750 -2.736458 -1
-0.398958 -1.592708 -1
-3.753125 -3.001042 -1
-3.688542 -4.310417 -1
-3.561458 -1.482292 -1
-1.985417 -0.311458 -1
-4.498958 -2.371875 -1
-0.859375 -0.564583 -1
-3.065625 -1.047917 -1
-1.542708 -3.169792 -1
-0.508333 -1.803125 -1
-0.458333 -3.341667 -1
-0.673958 -3.136458 -1
-0.133333 -0.295833 -1
-1.011458 -0.448958 -1
-2.295833 -3.646875 -1
-1.052083 -0.561458 -1
-3.106250 -4.806250 -1
-3.562500 -1.794792 -1
-1.983333 -4.990625 -1
-1.143750 -1.835417 -1
-0.303125 -0.642708 -1
-4.207292 -4.029167 -1
-1.208333 -2.272917 -1
-2.943750 -0.617708 -1
-3.310417 -3.453125 -1
-2.420833 -3.768750 -1
-1.794792 -0.961458 -1
-4.772917 -4.795833 -1
-1.258333 -0.784375 -1
-3.111458 -1.420833 -1
-2.297917 -4.164583 -1
-1.983333 -0.405208 -1
-1.837500 -3.412500 -1
-0.066667 -1.687500 -1
-1.270833 -1.211458 -1
-3.522917 -4.440625 -1
-4.720833 -2.730208 -1
-3.469792 -3.795833 -1
-2.870833 -4.280208 -1
-4.413542 -1.181250 -1
-2.733333 -1.834375 -1
-2.816667 -2.395833 -1
-2.796875 -2.589583 -1
-0.058333 -1.921875 -1
-1.240625 -3.169792 -1
-3.342708 -3.539583 -1
-0.201042 -0.326042 -1
-1.811458 -2.038542 -1
-1.606250 -1.878125 -1
-3.726042 -2.877083 -1
-0.956250 -0.115625 -1
-2.317708 -0.678125 -1
-2.846875 -3.654167 -1
-4.473958 -3.584375 -1
-2.934375 -1.755208 -1
-2.632292 -3.535417 -1
-3.589583 -0.448958 -1
-0.931250 -4.253125 -1
-0.906250 -0.989583 -1
-1.175000 -2.146875 -1
-2.026042 -2.385417 -1
-3.553125 -2.228125 -1
-0.578125 -3.231250 -1
-2.133333 -2.184375 -1
-2.977083 -3.727083 -1
-2.928125 -3.933333 -1
-3.842708 -3.112500 -1
-2.478125 -4.556250 -1
-1.766667 -1.953125 -1
-3.140625 -2.568750 -1
-3.708333 -3.639583 -1
-1.104167 -0.164583 -1
-4.089583 -4.902083 -1
-2.285417 -4.995833 -1
-3.758333 -1.327083 -1
-0.009375 -3.651042 -1
-3.712500 -3.563542 -1
-3.745833 -4.291667 -1
-1.794792 -3.746875 -1
-1.476042 -4.771875 -1
-2.473958 -2.271875 -1
-1.572917 -4.183333 -1
-0.384375 -4.051042 -1
-3.740625 -0.018750 -1
-3.870833 -4.747917 -1
-0.454167 -0.445833 -1
-3.388542 -4.425000 -1
-0.611458 -2.478125 -1
-4.327083 -0.763542 -1
-0.340625 -0.952083 -1
-2.090625 -0.350000 -1
-4.603125 -3.670833 -1
-1.780208 -1.216667 -1
-2.962500 -1.442708 -1
-4.963542 -2.305208 -1
-4.081250 -2.437500 -1
-4.577083 -0.654167 -1
-1.620833 -2.829167 -1
-2.572917 -3.228125 -1
-0.714583 -1.443750 -1
-2.977083 -1.168750 -1
-1.890625 -4.232292 -1
-0.593750 -0.368750 -1
-4.577083 -2.787500 -1
-1.132292 -4.917708 -1
-3.739583 -1.089583 -1
-3.134375 -1.209375 -1
-4.760417 -4.915625 -1
-2.426042 -0.589583 -1
-4.225000 -2.389583 -1
-2.895833 -3.306250 -1
-2.693750 -0.339583 -1
-3.961458 -4.315625 -1
-3.168750 -1.534375 -1
-0.410417 -3.883333 -1
-0.844792 -3.387500 -1
-2.918750 -2.735417 -1
-0.486458 -3.512500 -1
-0.970833 -0.063542 -1
-4.166667 -4.969792 -1
-2.847917 -2.906250 -1
-1.060417 -3.850000 -1
-1.983333 -3.687500 -1
-1.632292 -4.409375 -1
-4.278125 -0.857292 -1
-4.666667 -2.173958 -1
-4.163542 -2.360417 -1
-2.513542 -0.991667 -1
-4.542708 -3.550000 -1
-2.526042 -4.954167 -1
-0.300000 -1.238542 -1
-1.208333 -3.219792 -1
-3.973958 -1.695833 -1
-4.598958 -2.812500 -1
-4.626042 -3.766667 -1
-2.782292 -2.475000 -1
-4.539583 -3.842708 -1
-1.325000 -1.522917 -1
-0.397917 -0.823958 -1
-3.800000 -4.676042 -1
-1.681250 -3.466667 -1
-4.716667 -0.844792 -1
-3.693750 -0.096875 -1
-1.837500 -3.237500 -1
-3.646875 -2.230208 -1
-3.191667 -1.814583 -1
-3.468750 -4.400000 -1
-2.901042 -0.310417 -1
-1.095833 -2.500000 -1
-3.122917 -0.722917 -1
-1.266667 -0.905208 -1
-1.064583 -3.673958 -1
-2.615625 -0.256250 -1
-0.196875 -3.013542 -1
-1.080208 -1.863542 -1
-2.689583 -2.761458 -1
-0.330208 -2.406250 -1
-1.472917 -4.025000 -1
-2.503125 -3.310417 -1
-0.129167 -4.017708 -1
-0.541667 -3.320833 -1
-3.698958 -1.877083 -1
-2.720833 -1.600000 -1
-2.187500 -1.684375 -1
-4.100000 -0.310417 -1
-0.273958 -3.234375 -1
-4.083333 -4.205208 -1
-1.908333 -1.698958 -1
-4.461458 -4.971875 -1
-4.712500 -3.408333 -1
-1.836458 -2.402083 -1
-4.036458 -0.033333 -1
-2.675000 -0.509375 -1
-1.925000 -3.044792 -1
-1.687500 -2.054167 -1
-4.929167 -2.229167 -1
-3.241667 -3.628125 -1
-1.972917 -3.830208 -1
-0.228125 -4.161458 -1
-0.514583 -4.329167 -1
-2.338542 -3.655208 -1
-0.430208 -1.421875 -1
-2.860417 -0.205208 -1
-3.120833 -0.188542 -1
-0.177083 -2.833333 -1
-1.463542 -4.880208 -1
-3.102083 -0.500000 -1
-2.781250 -3.643750 -1
-3.876042 -4.706250 -1
-1.689583 -0.563542 -1
-4.628125 -1.618750 -1
-0.659375 -2.869792 -1
-3.114583 -2.633333 -1
-1.700000 -3.342708 -1
-1.794792 -0.081250 -1
-0.538542 -2.000000 -1
-3.736458 -0.968750 -1
-3.422917 -1.596875 -1
-4.040625 -1.543750 -1
-4.652083 -2.085417 -1
-2.244792 -1.115625 -1
-1.965625 -0.346875 -1
-1.615625 -2.613542 -1
-1.858333 -0.492708 -1
-2.320833 -3.547917 -1
-3.922917 -4.815625 -1
-3.033333 -4.583333 -1
-2.685417 -1.147917 -1
-2.216667 -2.253125 -1
-2.358333 -1.878125 -1
-2.334375 -2.896875 -1
-3.878125 -1.071875 -1
-1.733333 -2.301042 -1
-0.535417 -0.773958 -1
-1.712500 -0.188542 -1
-2.859375 -3.957292 -1
-4.170833 -2.692708 -1
-2.170833 -3.654167 -1
-0.306250 -4.029167 -1
-2.013542 -0.493750 -1
-0.443750 -0.936458 -1
-0.309375 -1.344792 -1
-0.519792 -2.995833 -1
-2.492708 -0.603125 -1
-0.248958 -2.717708 -1
-2.481250 -2.583333 -1
