3.730000	4.750000	1
3.000000	4.390000	1
4.280000	0.790000	1
1.140000	0.760000	-1
2.950000	4.620000	1
2.180000	4.730000	1
2.100000	2.470000	1
1.410000	2.330000	1
3.730000	0.040000	1
2.930000	3.750000	1
1.560000	2.960000	1
0.820000	2.670000	1
0.760000	0.850000	-1
3.610000	1.250000	1
0.060000	4.880000	1
4.660000	2.860000	1
1.480000	4.760000	1
2.530000	2.220000	1
1.040000	3.810000	1
2.160000	1.720000	1
1.510000	2.880000	1
0.420000	4.980000	1
2.390000	1.770000	1
2.670000	0.160000	1
3.810000	3.150000	1
3.970000	4.690000	1
4.090000	3.200000	1
1.770000	0.920000	1
4.900000	1.630000	1
3.330000	3.780000	1
1.580000	4.240000	1
3.980000	2.540000	1
2.670000	0.560000	1
4.520000	2.540000	1
0.770000	0.390000	-1
3.820000	1.920000	1
2.160000	3.310000	1
2.840000	2.580000	1
3.370000	1.240000	1
2.660000	0.110000	1
4.460000	1.950000	1
0.860000	0.210000	-1
1.210000	1.920000	-1
2.320000	4.140000	1
4.520000	1.600000	1
1.010000	3.440000	1
1.460000	3.970000	1
1.160000	0.630000	-1
2.790000	0.720000	1
4.430000	0.230000	1
3.590000	2.810000	1
1.860000	2.820000	1
0.620000	1.440000	-1
2.950000	3.090000	1
1.090000	4.600000	1
3.150000	4.490000	1
3.100000	4.360000	1
3.120000	4.620000	1
0.130000	0.750000	1
1.510000	3.230000	1
1.140000	0.570000	-1
2.630000	4.190000	1
4.490000	1.460000	1
3.780000	0.310000	1
0.670000	0.500000	-1
3.580000	2.670000	1
4.090000	3.540000	1
0.000000	2.280000	1
3.450000	1.400000	1
0.090000	4.820000	1
3.210000	2.920000	1
2.580000	0.330000	1
4.210000	1.090000	1
3.100000	2.190000	1
2.690000	0.980000	1
2.200000	4.170000	1
4.250000	0.140000	1
0.310000	1.310000	1
2.630000	0.650000	1
1.890000	3.320000	1
3.880000	4.840000	1
3.530000	0.230000	1
3.650000	2.010000	1
4.440000	4.380000	1
0.180000	2.120000	1
2.100000	1.640000	1
0.600000	4.730000	1
2.170000	3.680000	1
3.660000	0.700000	1
1.880000	3.500000	1
2.410000	2.220000	1
0.730000	0.980000	-1
1.660000	4.120000	1
3.220000	4.970000	1
3.320000	0.560000	1
0.860000	3.730000	1
4.600000	2.430000	1
0.600000	4.920000	1
2.630000	2.570000	1
1.520000	1.260000	-1
3.000000	3.210000	1
4.020000	1.630000	1
0.950000	0.370000	-1
4.500000	1.560000	1
0.600000	2.580000	1
2.740000	0.010000	1
1.120000	3.710000	1
3.120000	4.070000	1
2.610000	0.860000	1
1.140000	0.370000	-1
4.210000	3.990000	1
1.440000	0.390000	-1
4.710000	4.780000	1
3.320000	4.290000	1
0.120000	4.800000	1
1.330000	1.580000	-1
0.240000	3.110000	1
4.270000	0.400000	1
3.580000	4.470000	1
1.110000	2.600000	-1
2.070000	2.410000	1
1.490000	3.750000	1
0.870000	2.050000	-1
1.980000	3.570000	1
4.260000	1.760000	1
-1.090000	1.620000	1
-0.920000	3.880000	1
-3.170000	4.720000	1
-3.310000	4.390000	1
-1.810000	1.270000	1
-0.060000	2.760000	1
-2.960000	4.940000	1
-1.180000	1.900000	1
-3.010000	3.400000	1
-2.880000	2.290000	1
-3.770000	0.230000	1
-3.880000	0.860000	1
-1.440000	4.540000	1
-3.580000	1.330000	1
-4.290000	1.990000	1
-2.530000	1.920000	1
-0.560000	0.980000	1
-4.680000	3.090000	1
-1.010000	1.360000	1
-4.050000	2.720000	1
-3.540000	0.790000	1
-0.770000	3.060000	1
-1.650000	3.890000	1
-2.420000	3.600000	1
-3.980000	2.970000	1
-2.100000	2.990000	1
-0.130000	1.140000	1
-4.750000	3.540000	1
-2.780000	4.110000	1
-4.890000	1.900000	1
-1.550000	4.100000	1
-0.700000	1.610000	1
-2.070000	1.890000	1
-1.940000	1.060000	1
-2.730000	1.310000	1
-1.070000	3.230000	1
-0.760000	0.050000	1
-3.400000	3.420000	1
-3.120000	0.170000	1
-4.240000	3.710000	1
-0.450000	4.490000	1
-4.820000	4.770000	1
-1.930000	3.540000	1
-2.380000	2.060000	1
-2.250000	2.290000	1
-4.210000	4.060000	1
-2.680000	1.980000	1
-1.290000	1.760000	1
-3.290000	0.720000	1
-0.360000	4.140000	1
-4.810000	1.170000	1
-3.640000	0.380000	1
-1.100000	1.350000	1
-2.020000	1.310000	1
-4.050000	1.880000	1
-3.140000	0.960000	1
-0.740000	3.940000	1
-1.480000	2.320000	1
-1.210000	4.470000	1
-4.890000	1.320000	1
-3.800000	2.100000	1
-1.370000	4.590000	1
-1.270000	4.380000	1
-0.920000	2.990000	1
-4.260000	3.750000	1
-2.430000	2.310000	1
-2.800000	0.490000	1
-0.970000	4.880000	1
-0.780000	0.310000	1
-2.880000	1.600000	1
-0.220000	2.850000	1
-2.310000	4.910000	1
-4.070000	4.890000	1
-2.020000	1.350000	1
-3.050000	2.830000	1
-1.460000	0.140000	1
-0.040000	2.770000	1
-4.470000	4.560000	1
-1.890000	2.860000	1
-4.960000	3.820000	1
-1.440000	1.820000	1
-2.150000	0.340000	1
-2.620000	0.690000	1
-4.740000	0.600000	1
-2.360000	2.980000	1
-0.080000	1.450000	1
-4.720000	4.800000	1
-3.140000	1.710000	1
-1.320000	0.990000	1
-4.210000	1.240000	1
-4.640000	4.360000	1
-0.860000	0.240000	1
-4.190000	2.740000	1
-1.590000	2.040000	1
-4.120000	3.040000	1
-0.040000	1.580000	1
-0.890000	1.630000	1
-0.050000	1.510000	1
-2.160000	0.170000	1
-1.570000	4.520000	1
-3.770000	4.650000	1
-0.070000	1.310000	1
-4.080000	2.230000	1
-1.070000	4.030000	1
-3.640000	2.530000	1
-4.640000	3.460000	1
-2.030000	2.320000	1
-3.390000	0.060000	1
-0.780000	1.070000	1
-1.240000	0.640000	1
-4.690000	0.230000	1
-0.280000	1.500000	1
-2.370000	1.740000	1
-1.050000	1.930000	1
-4.020000	0.750000	1
-4.250000	0.470000	1
-1.180000	2.410000	1
-1.420000	4.770000	1
-0.180000	4.580000	1
-4.030000	0.920000	1
-2.370000	0.990000	1
-0.470000	2.260000	1
-1.160000	1.400000	1
-1.070000	2.050000	1
-2.850000	1.470000	1
1.750000	-3.750000	-1
0.700000	-4.850000	-1
2.960000	-0.180000	-1
2.890000	-4.520000	-1
0.910000	-2.970000	-1
2.320000	-1.870000	-1
2.700000	-0.330000	-1
4.970000	-2.280000	-1
3.700000	-2.460000	-1
1.340000	-1.340000	-1
2.270000	-2.350000	-1
2.770000	-3.580000	-1
3.600000	-0.910000	-1
2.080000	-1.530000	-1
0.030000	-2.330000	-1
4.710000	-4.430000	-1
2.480000	-3.660000	-1
1.440000	-3.170000	-1
0.900000	-0.840000	-1
2.240000	-3.050000	-1
1.650000	-0.140000	-1
3.150000	-3.240000	-1
0.080000	-4.040000	-1
2.520000	-2.200000	-1
0.510000	-2.030000	-1
1.510000	-4.380000	-1
2.610000	0.000000	-1
1.020000	-2.410000	-1
3.610000	-3.450000	-1
4.840000	-4.480000	-1
4.870000	-3.080000	-1
2.300000	-0.440000	-1
0.660000	-3.770000	-1
3.040000	-4.090000	-1
1.140000	-4.390000	-1
1.980000	-2.780000	-1
0.820000	-2.360000	-1
2.440000	-4.030000	-1
3.830000	-2.980000	-1
0.810000	-2.620000	-1
1.160000	-2.010000	-1
4.120000	-0.870000	-1
1.570000	-1.270000	-1
3.270000	-3.360000	-1
3.510000	-2.440000	-1
0.730000	-4.570000	-1
0.440000	-3.010000	-1
1.750000	-2.890000	-1
4.310000	-3.360000	-1
1.330000	-1.160000	-1
4.750000	-4.880000	-1
1.730000	-3.130000	-1
4.520000	-2.890000	-1
2.940000	-4.170000	-1
1.730000	-1.260000	-1
3.680000	-3.450000	-1
4.380000	-2.640000	-1
2.490000	-0.910000	-1
3.380000	-2.800000	-1
3.440000	-1.030000	-1
0.320000	-3.850000	-1
2.030000	-1.770000	-1
2.040000	-2.240000	-1
2.380000	-2.240000	-1
2.410000	-3.200000	-1
4.390000	-4.480000	-1
1.260000	-0.540000	-1
4.900000	-0.020000	-1
0.400000	-4.750000	-1
2.690000	-4.430000	-1
1.520000	-4.940000	-1
1.850000	-2.880000	-1
3.090000	-1.860000	-1
4.760000	-4.530000	-1
0.750000	-0.030000	-1
2.500000	-2.360000	-1
3.720000	-3.970000	-1
1.310000	-4.440000	-1
1.400000	-4.200000	-1
3.490000	-3.220000	-1
1.200000	-0.570000	-1
3.920000	-3.350000	-1
1.900000	-3.160000	-1
3.390000	-0.190000	-1
2.620000	-3.620000	-1
3.720000	-1.940000	-1
0.780000	-3.560000	-1
4.450000	-1.040000	-1
0.310000	-3.510000	-1
3.270000	-4.470000	-1
0.940000	-0.470000	-1
4.060000	-0.730000	-1
1.280000	-3.490000	-1
4.630000	-4.070000	-1
3.940000	-4.300000	-1
4.130000	-2.460000	-1
2.730000	-4.200000	-1
2.700000	-1.810000	-1
1.800000	-3.180000	-1
0.180000	-1.630000	-1
2.610000	-1.500000	-1
0.570000	-0.480000	-1
4.510000	-4.580000	-1
4.270000	-1.270000	-1
1.870000	-2.820000	-1
3.050000	-1.890000	-1
3.170000	-1.240000	-1
1.270000	-4.190000	-1
4.510000	-3.530000	-1
1.680000	-0.200000	-1
2.230000	-1.790000	-1
4.330000	-0.260000	-1
1.630000	-1.010000	-1
3.170000	-4.070000	-1
4.970000	-1.780000	-1
3.340000	-3.330000	-1
1.840000	-4.320000	-1
3.540000	-3.550000	-1
2.200000	-1.820000	-1
3.800000	-3.240000	-1
3.050000	-3.430000	-1
4.690000	-3.110000	-1
4.690000	-1.860000	-1
2.910000	-0.310000	-1
4.430000	-3.000000	-1
-4.690000	-2.400000	-1
-4.820000	-3.730000	-1
-3.810000	-4.540000	-1
-0.370000	-2.090000	-1
-4.760000	-3.710000	-1
-3.060000	-4.060000	-1
-1.530000	-4.050000	-1
-2.180000	-3.830000	-1
-0.280000	-0.990000	-1
-4.580000	-1.320000	-1
-4.110000	-1.460000	-1
-0.530000	-3.430000	-1
-3.220000	-4.060000	-1
-0.180000	-4.460000	-1
-1.530000	-2.650000	-1
-4.750000	-0.010000	-1
-1.970000	-0.390000	-1
-2.410000	-1.390000	-1
-4.610000	-2.770000	-1
-2.670000	-0.020000	-1
-0.750000	-1.320000	-1
-1.700000	-4.960000	-1
-1.360000	-0.250000	-1
-4.650000	-4.840000	-1
-3.720000	-0.350000	-1
-4.910000	-1.610000	-1
-1.800000	-1.780000	-1
-2.010000	-1.990000	-1
-2.240000	-4.090000	-1
-4.950000	-4.060000	-1
-4.110000	-0.380000	-1
-0.710000	-4.800000	-1
-0.770000	-0.590000	-1
-3.480000	-1.360000	-1
-2.460000	-1.920000	-1
-0.930000	-2.750000	-1
-2.040000	-1.640000	-1
-3.750000	-2.190000	-1
-1.770000	-4.330000	-1
-2.010000	-4.580000	-1
-3.550000	-1.530000	-1
-0.060000	-1.970000	-1
-0.830000	-2.290000	-1
-4.050000	-3.160000	-1
-1.520000	-1.060000	-1
-4.490000	-0.020000	-1
-2.970000	-3.210000	-1
-0.080000	-4.420000	-1
-4.200000	-2.150000	-1
-1.140000	-0.240000	-1
-3.320000	-3.200000	-1
-2.900000	-2.980000	-1
-2.880000	-3.890000	-1
-0.620000	-4.900000	-1
-3.090000	-4.390000	-1
-4.930000	-1.150000	-1
-1.870000	-4.130000	-1
-0.120000	-4.340000	-1
-0.310000	-2.260000	-1
-0.050000	-1.730000	-1
-2.740000	-2.080000	-1
-1.120000	-0.660000	-1
-4.210000	-3.190000	-1
-1.170000	-3.300000	-1
-0.320000	-0.470000	-1
-4.000000	-3.200000	-1
-1.600000	-4.700000	-1
-0.700000	-2.290000	-1
-2.680000	-2.660000	-1
-3.220000	-2.800000	-1
-0.930000	-1.250000	-1
-1.460000	-4.670000	-1
-2.450000	-3.480000	-1
-1.740000	-2.050000	-1
-2.320000	-1.600000	-1
-0.090000	-1.100000	-1
-4.410000	-0.490000	-1
-0.200000	-1.490000	-1
-3.260000	-0.980000	-1
-4.080000	-2.830000	-1
-1.430000	-2.240000	-1
-0.620000	-1.160000	-1
-3.080000	-2.530000	-1
-0.160000	-3.150000	-1
-2.310000	-4.240000	-1
-3.440000	-0.720000	-1
-4.770000	-1.120000	-1
-0.700000	-2.670000	-1
-0.470000	-3.190000	-1
-2.870000	-0.390000	-1
-2.010000	-2.670000	-1
-4.940000	-0.840000	-1
-0.020000	-3.800000	-1
-4.440000	-1.480000	-1
-4.260000	-4.820000	-1
-3.700000	-1.870000	-1
-3.290000	-4.460000	-1
-3.370000	-3.360000	-1
-0.850000	-1.180000	-1
-1.020000	-0.110000	-1
-1.720000	-1.890000	-1
-2.450000	-0.940000	-1
-1.310000	-0.640000	-1
-2.680000	-2.480000	-1
-0.590000	-3.550000	-1
-1.200000	-0.020000	-1
-3.290000	-4.500000	-1
-3.600000	-2.280000	-1
-2.530000	-3.300000	-1
-2.460000	-0.500000	-1
-0.710000	-2.020000	-1
-4.820000	-2.670000	-1
-1.100000	-3.340000	-1
-3.580000	-0.610000	-1
-1.760000	-3.330000	-1
-0.220000	-2.830000	-1
-3.700000	-1.480000	-1
-2.230000	-0.250000	-1
-2.530000	-3.400000	-1
-0.050000	-3.460000	-1
-4.550000	-3.810000	-1
-2.410000	-4.310000	-1
-3.880000	-4.700000	-1
-3.360000	-2.590000	-1
-1.840000	-1.410000	-1
