3 0.000000 3.409496
3 2.630000 2.043908
2 0.325000 0.948032
3 0.125000 1.121488
1 1.505000 1.470039
2 0.515000 1.225210
3 0.000000 1.340661
1 1.925000 1.208508
2 0.625000 0.930134
3 0.125000 1.071294
1 1.505000 1.044288
2 0.515000 0.816538
3 0.000000 1.152333
1 1.305000 0.816691
2 0.325000 0.778215
3 0.000000 0.877860
3 2.630000 1.002280
2 0.515000 0.617531
1 0.960000 0.837615
3 0.000000 0.819168
2 0.325000 0.796862
3 0.000000 0.563728
1 1.925000 0.730283
3 1.175000 0.661854
2 0.835000 0.713702
1 0.960000 0.727372
3 0.000000 0.677021
2 0.625000 0.684658
1 1.505000 0.514856
3 0.125000 0.694421
3 2.630000 0.657046
4 2.610000 0.618678
3 2.630000 0.628961
4 2.610000 0.628961
3 2.630000 0.628961
4 2.610000 0.628961
3 2.630000 0.628961
4 2.610000 0.628961
3 2.630000 0.628961
4 2.610000 0.628961
3 2.630000 0.628961
4 2.610000 0.628961
3 2.630000 0.628961
4 2.610000 0.628961
3 2.630000 0.628961
4 2.610000 0.628961
3 2.630000 0.628961
4 2.610000 0.628961
3 2.630000 0.628961
4 2.610000 0.628961
3 2.630000 0.628961
4 2.610000 0.628961
3 2.630000 0.628961
4 2.610000 0.628961
3 2.630000 0.628961
4 2.610000 0.628961
3 2.630000 0.628961
4 2.610000 0.628961
3 2.630000 0.628961
4 2.610000 0.628961
3 2.630000 0.628961
4 2.610000 0.628961
3 2.630000 0.628961
4 2.610000 0.628961
3 2.630000 0.628961
4 2.610000 0.628961
3 2.630000 0.628961
4 2.610000 0.628961
3 2.630000 0.628961
4 2.610000 0.628961
3 2.630000 0.628961
4 2.610000 0.628961
3 2.630000 0.628961
4 2.610000 0.628961
3 2.630000 0.628961
4 2.610000 0.628961
3 2.630000 0.628961
4 2.610000 0.628961
3 2.630000 0.628961
4 2.610000 0.628961
3 2.630000 0.628961
4 2.610000 0.628961
3 2.630000 0.628961
4 2.610000 0.628961
3 2.630000 0.628961
4 2.610000 0.628961
3 2.630000 0.628961
4 2.610000 0.628961
3 2.630000 0.628961
4 2.610000 0.628961
3 2.630000 0.628961
4 2.610000 0.628961
3 2.630000 0.628961
4 2.610000 0.628961
3 2.630000 0.628961
4 2.610000 0.628961
3 2.630000 0.628961
4 2.610000 0.628961
3 2.630000 0.628961
4 2.610000 0.628961
3 2.630000 0.628961
4 2.610000 0.628961
3 2.630000 0.628961
4 2.610000 0.628961
3 2.630000 0.628961
4 2.610000 0.628961
3 2.630000 0.628961
4 2.610000 0.628961
3 2.630000 0.628961
4 2.610000 0.628961
3 2.630000 0.628961
4 2.610000 0.628961
3 2.630000 0.628961
4 2.610000 0.628961
3 2.630000 0.628961
4 2.610000 0.628961
3 2.630000 0.628961
4 2.610000 0.628961
3 2.630000 0.628961
4 2.610000 0.628961
3 2.630000 0.628961
4 2.610000 0.628961
3 2.630000 0.628961
4 2.610000 0.628961
3 2.630000 0.628961
4 2.610000 0.628961
3 2.630000 0.628961
4 2.610000 0.628961
3 2.630000 0.628961
4 2.610000 0.628961
3 2.630000 0.628961
4 2.610000 0.628961
3 2.630000 0.628961
4 2.610000 0.628961
3 2.630000 0.628961
4 2.610000 0.628961
3 2.630000 0.628961
4 2.610000 0.628961
3 2.630000 0.628961
4 2.610000 0.628961
3 2.630000 0.628961
4 2.610000 0.628961
3 2.630000 0.628961
4 2.610000 0.628961
3 2.630000 0.628961
4 2.610000 0.628961
3 2.630000 0.628961
4 2.610000 0.628961
3 2.630000 0.628961
4 2.610000 0.628961
3 2.630000 0.628961
4 2.610000 0.628961
3 2.630000 0.628961
4 2.610000 0.628961
3 2.630000 0.628961
4 2.610000 0.628961
3 2.630000 0.628961
4 2.610000 0.628961
3 2.630000 0.628961
4 2.610000 0.628961
3 2.630000 0.628961
4 2.610000 0.628961
3 2.630000 0.628961
4 2.610000 0.628961
3 2.630000 0.628961
4 2.610000 0.628961
3 2.630000 0.628961
4 2.610000 0.628961
3 2.630000 0.628961
4 2.610000 0.628961
3 2.630000 0.628961
4 2.610000 0.628961
3 2.630000 0.628961
4 2.610000 0.628961
3 2.630000 0.628961
4 2.610000 0.628961
3 2.630000 0.628961
4 2.610000 0.628961
3 2.630000 0.628961
4 2.610000 0.628961
3 2.630000 0.628961
4 2.610000 0.628961
3 2.630000 0.628961
4 2.610000 0.628961
3 2.630000 0.628961
4 2.610000 0.628961
3 2.630000 0.628961
4 2.610000 0.628961
3 2.630000 0.628961
4 2.610000 0.628961
3 2.630000 0.628961
4 2.610000 0.628961
3 2.630000 0.628961
4 2.610000 0.628961
3 2.630000 0.628961
4 2.610000 0.628961
3 2.630000 0.628961
4 2.610000 0.628961
3 2.630000 0.628961
4 2.610000 0.628961
3 2.630000 0.628961
4 2.610000 0.628961
3 2.630000 0.628961
4 2.610000 0.628961
3 2.630000 0.628961
4 2.610000 0.628961
3 2.630000 0.628961
4 2.610000 0.628961
3 2.630000 0.628961
4 2.610000 0.628961
3 2.630000 0.628961
4 2.610000 0.628961
3 2.630000 0.628961
4 2.610000 0.628961
3 2.630000 0.628961
4 2.610000 0.628961
3 2.630000 0.628961
4 2.610000 0.628961
3 2.630000 0.628961
4 2.610000 0.628961
3 2.630000 0.628961
4 2.610000 0.628961
3 2.630000 0.628961
4 2.610000 0.628961
3 2.630000 0.628961
4 2.610000 0.628961
3 2.630000 0.628961
4 2.610000 0.628961
3 2.630000 0.628961
4 2.610000 0.628961
3 2.630000 0.628961
4 2.610000 0.628961
3 2.630000 0.628961
4 2.610000 0.628961
3 2.630000 0.628961
4 2.610000 0.628961
3 2.630000 0.628961
4 2.610000 0.628961
3 2.630000 0.628961
4 2.610000 0.628961
3 2.630000 0.628961
4 2.610000 0.628961
3 2.630000 0.628961
4 2.610000 0.628961
3 2.630000 0.628961
4 2.610000 0.628961
3 2.630000 0.628961
4 2.610000 0.628961
3 2.630000 0.628961
4 2.610000 0.628961
3 2.630000 0.628961
4 2.610000 0.628961
3 2.630000 0.628961
4 2.610000 0.628961
3 2.630000 0.628961
4 2.610000 0.628961
3 2.630000 0.628961
4 2.610000 0.628961
3 2.630000 0.628961
4 2.610000 0.628961
3 2.630000 0.628961
4 2.610000 0.628961
3 2.630000 0.628961
4 2.610000 0.628961
3 2.630000 0.628961
4 2.610000 0.628961
3 2.630000 0.628961
4 2.610000 0.628961
3 2.630000 0.628961
4 2.610000 0.628961
3 2.630000 0.628961
4 2.610000 0.628961
3 2.630000 0.628961
4 2.610000 0.628961
3 2.630000 0.628961
4 2.610000 0.628961
3 2.630000 0.628961
4 2.610000 0.628961
3 2.630000 0.628961
4 2.610000 0.628961
3 2.630000 0.628961
4 2.610000 0.628961
3 2.630000 0.628961
4 2.610000 0.628961
3 2.630000 0.628961
4 2.610000 0.628961
3 2.630000 0.628961
4 2.610000 0.628961
3 2.630000 0.628961
4 2.610000 0.628961
3 2.630000 0.628961
4 2.610000 0.628961
3 2.630000 0.628961
4 2.610000 0.628961
3 2.630000 0.628961
4 2.610000 0.628961
3 2.630000 0.628961
4 2.610000 0.628961
3 2.630000 0.628961
4 2.610000 0.628961
3 2.630000 0.628961
4 2.610000 0.628961
3 2.630000 0.628961
4 2.610000 0.628961
3 2.630000 0.628961
4 2.610000 0.628961
3 2.630000 0.628961
4 2.610000 0.628961
3 2.630000 0.628961
4 2.610000 0.628961
3 2.630000 0.628961
4 2.610000 0.628961
3 2.630000 0.628961
4 2.610000 0.628961
3 2.630000 0.628961
4 2.610000 0.628961
3 2.630000 0.628961
4 2.610000 0.628961
3 2.630000 0.628961
4 2.610000 0.628961
3 2.630000 0.628961
4 2.610000 0.628961
3 2.630000 0.628961
4 2.610000 0.628961
3 2.630000 0.628961
4 2.610000 0.628961
3 2.630000 0.628961
4 2.610000 0.628961
3 2.630000 0.628961
4 2.610000 0.628961
3 2.630000 0.628961
4 2.610000 0.628961
3 2.630000 0.628961
4 2.610000 0.628961
3 2.630000 0.628961
4 2.610000 0.628961
3 2.630000 0.628961
4 2.610000 0.628961
3 2.630000 0.628961
4 2.610000 0.628961
3 2.630000 0.628961
4 2.610000 0.628961
3 2.630000 0.628961
4 2.610000 0.628961
3 2.630000 0.628961
4 2.610000 0.628961
3 2.630000 0.628961
4 2.610000 0.628961
3 2.630000 0.628961
4 2.610000 0.628961
3 2.630000 0.628961
4 2.610000 0.628961
3 2.630000 0.628961
4 2.610000 0.628961
3 2.630000 0.628961
4 2.610000 0.628961
3 2.630000 0.628961
4 2.610000 0.628961
3 2.630000 0.628961
4 2.610000 0.628961
3 2.630000 0.628961
4 2.610000 0.628961
3 2.630000 0.628961
4 2.610000 0.628961
3 2.630000 0.628961
4 2.610000 0.628961
3 2.630000 0.628961
4 2.610000 0.628961
3 2.630000 0.628961
4 2.610000 0.628961
3 2.630000 0.628961
4 2.610000 0.628961
3 2.630000 0.628961
4 2.610000 0.628961
3 2.630000 0.628961
4 2.610000 0.628961
3 2.630000 0.628961
4 2.610000 0.628961
3 2.630000 0.628961
4 2.610000 0.628961
3 2.630000 0.628961
4 2.610000 0.628961
3 2.630000 0.628961
4 2.610000 0.628961
3 2.630000 0.628961
4 2.610000 0.628961
3 2.630000 0.628961
4 2.610000 0.628961
3 2.630000 0.628961
4 2.610000 0.628961
3 2.630000 0.628961
4 2.610000 0.628961
3 2.630000 0.628961
4 2.610000 0.628961
3 2.630000 0.628961
4 2.610000 0.628961
3 2.630000 0.628961
4 2.610000 0.628961
3 2.630000 0.628961
4 2.610000 0.628961
3 2.630000 0.628961
4 2.610000 0.628961
3 2.630000 0.628961
4 2.610000 0.628961
3 2.630000 0.628961
4 2.610000 0.628961
3 2.630000 0.628961
4 2.610000 0.628961
3 2.630000 0.628961
4 2.610000 0.628961
3 2.630000 0.628961
4 2.610000 0.628961
3 2.630000 0.628961
4 2.610000 0.628961
3 2.630000 0.628961
4 2.610000 0.628961
3 2.630000 0.628961
4 2.610000 0.628961
3 2.630000 0.628961
4 2.610000 0.628961
3 2.630000 0.628961
4 2.610000 0.628961
3 2.630000 0.628961
4 2.610000 0.628961
3 2.630000 0.628961
4 2.610000 0.628961
3 2.630000 0.628961
4 2.610000 0.628961
3 2.630000 0.628961
4 2.610000 0.628961
3 2.630000 0.628961
4 2.610000 0.628961
3 2.630000 0.628961
4 2.610000 0.628961
3 2.630000 0.628961
4 2.610000 0.628961
3 2.630000 0.628961
4 2.610000 0.628961
3 2.630000 0.628961
4 2.610000 0.628961
3 2.630000 0.628961
4 2.610000 0.628961
3 2.630000 0.628961
4 2.610000 0.628961
3 2.630000 0.628961
4 2.610000 0.628961
3 2.630000 0.628961
4 2.610000 0.628961
3 2.630000 0.628961
4 2.610000 0.628961
3 2.630000 0.628961
4 2.610000 0.628961
3 2.630000 0.628961
4 2.610000 0.628961
3 2.630000 0.628961
4 2.610000 0.628961
3 2.630000 0.628961
4 2.610000 0.628961
3 2.630000 0.628961
4 2.610000 0.628961
3 2.630000 0.628961
4 2.610000 0.628961
3 2.630000 0.628961
4 2.610000 0.628961
3 2.630000 0.628961
4 2.610000 0.628961
3 2.630000 0.628961
4 2.610000 0.628961
3 2.630000 0.628961
4 2.610000 0.628961
3 2.630000 0.628961
4 2.610000 0.628961
3 2.630000 0.628961
4 2.610000 0.628961
3 2.630000 0.628961
4 2.610000 0.628961
3 2.630000 0.628961
4 2.610000 0.628961
3 2.630000 0.628961
4 2.610000 0.628961
3 2.630000 0.628961
4 2.610000 0.628961
3 2.630000 0.628961
4 2.610000 0.628961
3 2.630000 0.628961
4 2.610000 0.628961
3 2.630000 0.628961
4 2.610000 0.628961
3 2.630000 0.628961
4 2.610000 0.628961
3 2.630000 0.628961
4 2.610000 0.628961
3 2.630000 0.628961
4 2.610000 0.628961
3 2.630000 0.628961
4 2.610000 0.628961
3 2.630000 0.628961
4 2.610000 0.628961
3 2.630000 0.628961
0 0.000000 0.000000
