0.090000	0.930000	-1
0.510000	2.680000	-1
3.645000	0.020000	-1
3.470000	0.060000	-1
0.820000	3.460000	-1
1.055000	0.155000	-1
0.465000	2.885000	-1
0.170000	1.935000	-1
1.500000	2.570000	-1
0.420000	0.195000	-1
1.795000	1.470000	-1
0.460000	1.515000	-1
0.940000	1.640000	-1
0.455000	2.545000	-1
0.975000	3.395000	-1
0.695000	2.120000	-1
0.740000	3.305000	-1
1.810000	2.500000	-1
1.835000	2.540000	-1
1.710000	3.100000	-1
1.575000	2.430000	-1
1.120000	0.840000	-1
1.850000	1.745000	-1
0.465000	2.670000	-1
1.280000	3.810000	-1
2.815000	0.625000	-1
0.120000	0.870000	-1
1.135000	3.495000	-1
0.885000	3.870000	-1
1.570000	0.345000	-1
0.105000	2.380000	-1
1.075000	1.445000	-1
0.275000	0.965000	-1
1.185000	3.325000	-1
0.735000	2.745000	-1
2.030000	0.255000	-1
1.145000	3.845000	-1
2.120000	0.580000	-1
0.350000	2.810000	-1
2.665000	0.975000	-1
2.155000	1.820000	-1
2.615000	0.875000	-1
2.960000	0.290000	-1
0.765000	0.020000	-1
3.115000	0.420000	-1
0.805000	2.810000	-1
1.205000	2.315000	-1
0.445000	1.265000	-1
0.860000	2.085000	-1
1.385000	2.335000	-1
1.125000	2.335000	-1
0.225000	2.070000	-1
2.855000	0.515000	-1
0.000000	1.005000	-1
2.380000	1.255000	-1
2.675000	0.515000	-1
0.135000	2.660000	-1
2.800000	0.460000	-1
0.740000	3.605000	-1
2.520000	0.545000	-1
0.860000	2.980000	-1
2.640000	0.980000	-1
0.450000	0.950000	-1
0.940000	2.690000	-1
1.290000	3.385000	-1
2.330000	0.535000	-1
0.915000	2.090000	-1
0.465000	2.300000	-1
2.570000	0.840000	-1
0.470000	1.230000	-1
0.625000	0.990000	-1
0.135000	0.175000	-1
2.065000	0.245000	-1
1.815000	2.460000	-1
1.060000	2.355000	-1
0.515000	2.960000	-1
2.465000	1.315000	-1
2.010000	1.930000	-1
1.370000	1.235000	-1
0.115000	1.420000	-1
0.080000	1.965000	-1
1.530000	3.365000	-1
2.380000	0.720000	-1
1.380000	2.370000	-1
2.065000	1.610000	-1
0.855000	0.495000	-1
0.420000	0.920000	-1
0.355000	1.545000	-1
1.190000	0.155000	-1
1.270000	3.785000	-1
1.215000	2.255000	-1
2.980000	0.280000	-1
0.155000	1.465000	-1
1.635000	2.510000	-1
0.700000	1.150000	-1
1.495000	0.840000	-1
-0.710000	0.810000	-1
-1.270000	0.230000	-1
-0.085000	0.695000	-1
-0.660000	0.415000	-1
-0.020000	1.745000	-1
-0.370000	0.080000	-1
-0.045000	2.300000	-1
-1.535000	0.085000	-1
-0.170000	0.225000	-1
-0.640000	0.875000	-1
-0.020000	0.485000	-1
-0.010000	2.065000	-1
-0.290000	0.105000	-1
-0.355000	1.280000	-1
4.050000	-0.745000	-1
1.160000	-0.990000	-1
4.010000	-0.685000	-1
4.150000	-2.435000	-1
2.870000	-1.520000	-1
2.915000	-0.495000	-1
1.680000	-1.395000	-1
3.075000	-1.950000	-1
0.655000	-3.110000	-1
1.330000	-2.880000	-1
2.960000	-1.590000	-1
2.945000	-0.080000	-1
1.525000	-1.215000	-1
3.490000	-3.815000	-1
3.685000	-0.960000	-1
4.830000	-4.395000	-1
2.225000	-3.500000	-1
4.935000	-3.730000	-1
1.030000	-4.010000	-1
2.250000	-4.835000	-1
4.890000	-3.450000	-1
2.960000	-0.050000	-1
4.740000	-1.625000	-1
0.330000	-4.875000	-1
3.765000	-2.040000	-1
0.225000	-0.890000	-1
1.285000	-4.770000	-1
3.350000	-2.840000	-1
2.250000	-4.910000	-1
4.925000	-2.500000	-1
4.410000	-3.995000	-1
0.215000	-1.580000	-1
3.895000	-0.725000	-1
3.630000	-2.565000	-1
3.645000	-2.645000	-1
2.945000	-2.950000	-1
4.240000	-1.675000	-1
4.360000	-2.410000	-1
2.220000	-4.515000	-1
1.580000	-3.180000	-1
1.970000	-0.130000	-1
2.445000	-3.445000	-1
3.000000	-4.660000	-1
0.205000	-4.605000	-1
1.485000	-0.775000	-1
4.720000	-1.385000	-1
2.955000	-4.250000	-1
0.425000	-0.745000	-1
1.920000	-2.110000	-1
0.160000	-0.225000	-1
0.620000	-3.375000	-1
0.780000	-4.885000	-1
2.135000	-3.995000	-1
3.760000	-0.555000	-1
1.630000	-2.795000	-1
2.765000	-2.345000	-1
3.865000	-0.370000	-1
0.960000	-3.205000	-1
4.100000	-3.110000	-1
4.695000	-0.070000	-1
2.115000	-0.290000	-1
2.790000	-1.140000	-1
1.800000	-4.700000	-1
4.960000	-2.845000	-1
0.175000	-3.955000	-1
0.515000	-4.210000	-1
0.820000	-3.105000	-1
2.670000	-2.500000	-1
0.250000	-3.290000	-1
1.475000	-2.590000	-1
2.765000	-1.550000	-1
0.765000	-2.945000	-1
3.685000	-1.415000	-1
4.305000	-2.100000	-1
3.950000	-1.225000	-1
2.040000	-0.690000	-1
1.995000	-2.065000	-1
2.680000	-3.425000	-1
2.045000	-2.155000	-1
4.710000	-1.425000	-1
4.600000	-4.720000	-1
4.960000	-2.145000	-1
1.055000	-2.040000	-1
0.125000	-3.585000	-1
1.735000	-3.250000	-1
1.560000	-4.205000	-1
0.265000	-2.765000	-1
3.230000	-0.395000	-1
0.205000	-3.075000	-1
2.275000	-3.650000	-1
1.425000	-1.525000	-1
3.545000	-0.960000	-1
2.555000	-0.800000	-1
2.050000	-4.780000	-1
4.540000	-0.270000	-1
2.225000	-0.680000	-1
2.845000	-4.560000	-1
2.245000	-4.720000	-1
4.295000	-0.560000	-1
3.605000	-0.475000	-1
4.980000	-1.555000	-1
4.145000	-2.990000	-1
1.645000	-1.640000	-1
1.520000	-4.650000	-1
4.580000	-3.890000	-1
4.840000	-4.580000	-1
3.105000	-4.415000	-1
3.790000	-1.750000	-1
3.115000	-0.300000	-1
3.895000	-1.565000	-1
0.095000	-2.920000	-1
0.670000	-1.130000	-1
2.520000	-2.720000	-1
4.210000	-2.680000	-1
4.505000	-2.720000	-1
3.445000	-4.395000	-1
3.700000	-1.525000	-1
3.440000	-1.835000	-1
1.930000	-3.475000	-1
0.320000	-4.000000	-1
3.900000	-2.180000	-1
3.075000	-1.605000	-1
2.250000	-1.435000	-1
0.515000	-1.590000	-1
0.115000	-0.820000	-1
3.110000	-3.150000	-1
3.360000	-4.075000	-1
4.310000	-3.315000	-1
0.495000	-3.945000	-1
0.305000	-1.435000	-1
4.480000	-1.495000	-1
4.810000	-3.230000	-1
1.265000	-0.865000	-1
4.045000	-4.305000	-1
0.505000	-2.540000	-1
4.110000	-2.670000	-1
4.290000	-4.815000	-1
4.955000	-1.985000	-1
1.575000	-2.685000	-1
2.310000	-1.245000	-1
0.565000	-2.435000	-1
0.090000	-2.670000	-1
0.185000	-3.780000	-1
4.805000	-4.170000	-1
0.885000	-1.550000	-1
1.985000	-4.945000	-1
2.875000	-0.510000	-1
0.845000	-4.180000	-1
1.740000	-3.990000	-1
2.720000	-1.860000	-1
2.930000	-3.715000	-1
1.685000	-3.265000	-1
3.130000	-4.575000	-1
2.090000	-3.040000	-1
3.660000	-2.660000	-1
1.090000	-0.210000	-1
1.270000	-4.660000	-1
3.530000	-4.255000	-1
3.345000	-3.690000	-1
0.085000	-3.355000	-1
0.705000	-1.175000	-1
1.625000	-0.075000	-1
2.785000	-4.415000	-1
1.305000	-3.230000	-1
0.480000	-4.815000	-1
2.565000	-4.375000	-1
4.320000	-3.415000	-1
0.775000	-1.800000	-1
2.160000	-0.290000	-1
4.920000	-0.455000	-1
1.585000	-1.090000	-1
2.500000	-0.350000	-1
4.705000	-0.420000	-1
3.270000	-0.565000	-1
0.830000	-0.675000	-1
3.890000	-3.965000	-1
2.750000	-4.695000	-1
4.150000	-3.480000	-1
0.505000	-3.175000	-1
3.955000	-0.870000	-1
0.875000	-1.840000	-1
3.060000	-2.715000	-1
4.770000	-1.680000	-1
2.715000	-3.565000	-1
3.670000	-4.295000	-1
4.555000	-0.940000	-1
3.085000	-4.280000	-1
2.060000	-4.545000	-1
1.620000	-4.880000	-1
3.590000	-2.495000	-1
4.470000	-3.740000	-1
0.760000	-2.455000	-1
3.045000	-4.840000	-1
4.330000	-3.465000	-1
3.870000	-0.155000	-1
2.015000	-3.280000	-1
3.270000	-0.830000	-1
0.690000	-1.650000	-1
4.745000	-1.560000	-1
1.565000	-1.025000	-1
2.880000	-0.305000	-1
1.435000	-4.965000	-1
0.490000	-2.580000	-1
0.240000	-2.920000	-1
2.445000	-2.660000	-1
0.550000	-1.195000	-1
4.520000	-4.455000	-1
4.160000	-0.380000	-1
0.935000	-4.925000	-1
0.045000	-1.600000	-1
1.785000	-2.160000	-1
1.185000	-2.825000	-1
2.745000	-0.705000	-1
4.485000	-0.740000	-1
1.320000	-3.945000	-1
1.765000	-1.670000	-1
4.580000	-2.600000	-1
2.440000	-1.800000	-1
0.130000	-0.490000	-1
3.590000	-4.205000	-1
2.570000	-2.100000	-1
4.805000	-4.715000	-1
3.855000	-2.465000	-1
0.235000	-0.220000	-1
0.305000	-4.215000	-1
0.900000	-1.580000	-1
4.070000	-1.595000	-1
2.200000	-4.315000	-1
1.005000	-1.885000	-1
0.675000	-4.975000	-1
4.200000	-2.635000	-1
2.740000	-0.245000	-1
4.555000	-1.060000	-1
1.040000	-4.610000	-1
4.400000	-3.115000	-1
1.370000	-1.575000	-1
3.995000	-3.170000	-1
2.265000	-3.825000	-1
4.125000	-0.640000	-1
3.580000	-1.385000	-1
3.220000	-1.425000	-1
2.165000	-4.920000	-1
4.540000	-1.285000	-1
2.280000	-2.130000	-1
3.455000	-3.485000	-1
3.375000	-4.155000	-1
4.485000	-3.360000	-1
4.120000	-0.120000	-1
1.915000	-2.355000	-1
0.850000	-4.675000	-1
-1.565000	-2.595000	-1
-4.055000	-4.065000	-1
-3.915000	-3.565000	-1
-0.070000	-2.120000	-1
-1.535000	-0.780000	-1
-0.350000	-0.350000	-1
-4.535000	-0.270000	-1
-4.925000	-1.935000	-1
-2.290000	-4.100000	-1
-4.525000	-1.015000	-1
-2.545000	-0.215000	-1
-4.940000	-4.505000	-1
-2.390000	-0.550000	-1
-0.780000	-2.730000	-1
-2.725000	-4.330000	-1
-0.100000	-2.885000	-1
-1.475000	-1.135000	-1
-1.280000	-3.885000	-1
-2.240000	-2.495000	-1
-4.090000	-4.830000	-1
-2.315000	-3.770000	-1
-0.855000	-4.330000	-1
-2.590000	-2.225000	-1
-2.710000	-1.150000	-1
-1.740000	-3.880000	-1
-0.840000	-4.970000	-1
-3.415000	-3.255000	-1
-2.490000	-0.105000	-1
-2.585000	-4.350000	-1
-0.775000	-2.970000	-1
-3.350000	-0.430000	-1
-2.175000	-1.615000	-1
-1.445000	-4.645000	-1
-0.080000	-3.820000	-1
-3.675000	-2.115000	-1
-3.445000	-1.990000	-1
-2.560000	-3.820000	-1
-0.595000	-2.995000	-1
-1.500000	-3.780000	-1
-0.225000	-3.950000	-1
-2.755000	-2.735000	-1
-1.590000	-2.445000	-1
-0.350000	-1.770000	-1
-1.410000	-4.480000	-1
-4.580000	-1.780000	-1
-1.305000	-1.140000	-1
-4.905000	-1.445000	-1
-0.895000	-0.045000	-1
-2.160000	-4.265000	-1
-1.200000	-1.055000	-1
-4.230000	-0.225000	-1
-0.710000	-3.475000	-1
-4.405000	-2.635000	-1
-0.260000	-2.255000	-1
-2.635000	-1.165000	-1
-0.690000	-0.350000	-1
-1.965000	-1.990000	-1
-4.025000	-3.035000	-1
-3.695000	-2.580000	-1
-1.520000	-2.045000	-1
-1.620000	-4.030000	-1
-4.125000	-0.780000	-1
-0.510000	-1.795000	-1
-4.110000	-1.750000	-1
-4.930000	-4.195000	-1
-2.320000	-0.425000	-1
-2.020000	-3.335000	-1
-3.945000	-1.805000	-1
-4.800000	-1.085000	-1
-1.665000	-3.260000	-1
-4.605000	-3.650000	-1
-1.975000	-2.650000	-1
-4.220000	-3.155000	-1
-2.620000	-1.110000	-1
-2.080000	-1.730000	-1
-1.035000	-3.225000	-1
-0.760000	-3.865000	-1
-0.570000	-3.495000	-1
-3.715000	-4.035000	-1
-1.745000	-0.420000	-1
-1.665000	-1.640000	-1
-2.550000	-2.475000	-1
-0.745000	-2.245000	-1
-2.170000	-4.785000	-1
-4.630000	-1.185000	-1
-0.730000	-4.320000	-1
-3.670000	-4.735000	-1
-2.255000	-4.225000	-1
-1.030000	-4.610000	-1
-3.990000	-0.510000	-1
-3.390000	-0.110000	-1
-1.980000	-0.760000	-1
-0.875000	-0.165000	-1
-0.265000	-1.220000	-1
-0.670000	-0.935000	-1
-1.590000	-2.140000	-1
-4.380000	-1.600000	-1
-3.860000	-2.760000	-1
-3.365000	-1.670000	-1
-2.610000	-4.960000	-1
-2.320000	-2.850000	-1
-0.440000	-2.495000	-1
-2.755000	-3.350000	-1
-3.880000	-1.810000	-1
-0.230000	-3.090000	-1
-2.440000	-3.310000	-1
-1.170000	-2.145000	-1
-2.980000	-3.980000	-1
-0.655000	-0.125000	-1
-2.625000	-2.860000	-1
-2.850000	-4.055000	-1
-1.400000	-4.180000	-1
-0.030000	-1.020000	-1
-3.025000	-4.935000	-1
-0.280000	-4.630000	-1
-4.925000	-3.245000	-1
-2.390000	-1.465000	-1
-3.280000	-2.595000	-1
-2.005000	-4.110000	-1
-2.635000	-1.875000	-1
-1.935000	-1.235000	-1
-0.525000	-3.085000	-1
-2.140000	-2.385000	-1
-0.780000	-3.540000	-1
-4.265000	-0.915000	-1
-1.180000	-0.715000	-1
-0.265000	-4.715000	-1
-2.700000	-0.110000	-1
-4.635000	-1.590000	-1
-3.015000	-4.420000	-1
-2.610000	-4.540000	-1
-2.880000	-4.295000	-1
-0.280000	-2.145000	-1
-1.250000	-3.395000	-1
-4.165000	-4.200000	-1
-2.810000	-0.095000	-1
-0.155000	-4.895000	-1
-1.575000	-2.605000	-1
-3.285000	-4.840000	-1
-3.905000	-3.530000	-1
-1.165000	-1.680000	-1
-2.475000	-0.560000	-1
-3.565000	-3.750000	-1
-4.005000	-1.135000	-1
-4.120000	-2.000000	-1
-3.470000	-2.695000	-1
-2.580000	-0.295000	-1
-1.960000	-0.800000	-1
-1.930000	-0.695000	-1
-4.030000	-2.395000	-1
-2.765000	-0.440000	-1
-3.015000	-0.670000	-1
-2.495000	-2.160000	-1
-0.640000	-2.770000	-1
-4.215000	-1.885000	-1
-0.580000	-4.010000	-1
-4.820000	-1.880000	-1
-4.070000	-4.855000	-1
-3.585000	-1.635000	-1
-2.925000	-2.105000	-1
-2.015000	-1.540000	-1
-4.395000	-4.735000	-1
-0.145000	-2.765000	-1
-1.070000	-1.970000	-1
-1.105000	-4.145000	-1
-1.680000	-2.310000	-1
-1.255000	-0.380000	-1
-4.450000	-0.320000	-1
-4.030000	-3.670000	-1
-0.365000	-4.875000	-1
-1.380000	-1.210000	-1
-1.390000	-0.725000	-1
-0.595000	-0.995000	-1
-4.030000	-0.630000	-1
-0.530000	-3.130000	-1
-1.975000	-2.175000	-1
-1.225000	-4.120000	-1
-1.330000	-0.875000	-1
-1.065000	-2.295000	-1
-0.225000	-2.745000	-1
-2.060000	-0.845000	-1
-0.395000	-0.990000	-1
-4.115000	-3.115000	-1
-1.485000	-0.160000	-1
-0.320000	-3.130000	-1
-4.605000	-0.180000	-1
-1.650000	-2.795000	-1
-0.485000	-2.380000	-1
-1.175000	-2.825000	-1
-4.750000	-1.355000	-1
-0.225000	-1.895000	-1
-3.660000	-1.100000	-1
-3.465000	-3.915000	-1
-2.890000	-2.170000	-1
-0.990000	-0.215000	-1
-0.565000	-0.130000	-1
-3.730000	-0.460000	-1
-3.645000	-1.140000	-1
-3.455000	-0.900000	-1
-4.240000	-0.020000	-1
-4.425000	-0.305000	-1
-1.720000	-1.880000	-1
-3.580000	-0.020000	-1
-4.415000	-4.385000	-1
-1.610000	-4.000000	-1
-4.415000	-2.835000	-1
-0.685000	-1.225000	-1
-2.365000	-0.660000	-1
-4.975000	-1.825000	-1
-3.435000	-0.730000	-1
-1.895000	-4.345000	-1
-3.745000	-1.210000	-1
-2.350000	-4.150000	-1
-4.155000	-1.530000	-1
-3.665000	-2.265000	-1
-1.220000	-1.515000	-1
-4.390000	-4.185000	-1
-0.335000	-0.490000	-1
-0.330000	-1.570000	-1
-1.660000	-4.460000	-1
-2.800000	-3.685000	-1
-3.730000	-3.305000	-1
-1.000000	-0.070000	-1
-0.325000	-1.655000	-1
-4.305000	-0.865000	-1
-2.015000	-2.130000	-1
-2.460000	-4.245000	-1
-1.225000	-0.415000	-1
-0.305000	-3.715000	-1
-4.440000	-0.190000	-1
-0.470000	-4.635000	-1
-4.395000	-3.015000	-1
-2.905000	-3.085000	-1
-4.925000	-1.705000	-1
-3.005000	-4.640000	-1
-1.105000	-3.755000	-1
-0.595000	-0.620000	-1
-2.680000	-1.155000	-1
-2.105000	-0.330000	-1
-1.735000	-3.560000	-1
-3.065000	-3.355000	-1
-3.385000	-1.695000	-1
-1.015000	-2.215000	-1
-1.060000	-2.250000	-1
-3.180000	-3.650000	-1
-1.185000	-3.615000	-1
-1.420000	-0.535000	-1
-2.340000	-1.350000	-1
-3.245000	-0.775000	-1
-2.365000	-3.375000	-1
